0 0 0.000000
0 1 16.171802
0 2 16.519409
0 3 9.141236
0 4 1.642835
0 5 4.505115
0 6 25.204157
0 7 25.381208
0 8 5.477371
0 9 24.707989
0 10 6.971141
0 11 14.779225
0 12 13.368215
0 13 18.895786
0 14 10.973130
0 15 5.468203
0 16 14.526881
0 17 15.459954
0 18 12.225807
0 19 13.295494
0 20 2.894983
0 21 4.097917
0 22 4.604181
0 23 19.694694
0 24 4.391604
0 25 7.907445
0 26 16.164267
0 27 2.475318
0 28 13.193937
0 29 8.065356
0 30 12.632441
0 31 17.781567
0 32 18.859212
0 33 15.692943
0 34 21.458313
0 35 18.363603
0 36 2.720385
0 37 10.923133
0 38 21.992317
0 39 3.026436
0 40 12.169764
0 41 10.393995
0 42 22.340345
0 43 22.663405
0 44 1.797666
0 45 20.123321
0 46 11.696920
0 47 9.114154
0 48 4.295459
0 49 2.265148
0 50 15.217836
0 51 7.227386
0 52 18.410645
0 53 15.032407
0 54 2.338104
0 55 2.241174
0 56 12.384032
0 57 13.999921
0 58 11.688546
0 59 25.675243
0 60 22.661097
0 61 13.651369
0 62 19.610308
0 63 14.951963
0 64 15.113855
0 65 21.781079
0 66 8.650597
0 67 15.997872
0 68 11.145989
0 69 8.437958
0 70 5.168566
0 71 4.924644
0 72 10.075577
1 0 16.171802
1 1 0.000000
1 2 3.164641
1 3 9.371702
1 4 14.769684
1 5 16.609890
1 6 11.116351
1 7 9.262491
1 8 11.413978
1 9 8.919299
1 10 9.494210
1 11 1.644368
1 12 6.249742
1 13 16.161590
1 14 6.071422
1 15 15.176795
1 16 5.466993
1 17 11.024602
1 18 12.179050
1 19 13.596233
1 20 18.480907
1 21 12.673185
1 22 11.641021
1 23 4.571424
1 24 20.344892
1 25 8.300733
1 26 6.225292
1 27 14.924177
1 28 4.877326
1 29 8.267268
1 30 3.837468
1 31 4.312120
1 32 3.541206
1 33 4.720366
1 34 15.561495
1 35 8.227963
1 36 14.751454
1 37 6.622855
1 38 5.895633
1 39 17.583242
1 40 5.044376
1 41 5.795693
1 42 9.539213
1 43 9.402913
1 44 17.959854
1 45 3.955392
1 46 4.531332
1 47 8.481187
1 48 20.375377
1 49 17.330228
1 50 11.182144
1 51 9.082019
1 52 17.728778
1 53 2.264975
1 54 14.841045
1 55 18.412973
1 56 12.316767
1 57 7.893928
1 58 6.957041
1 59 10.769972
1 60 6.647953
1 61 2.525342
1 62 5.991221
1 63 5.532820
1 64 7.220686
1 65 5.612741
1 66 8.156769
1 67 7.903794
1 68 9.965128
1 69 14.302777
1 70 15.116470
1 71 11.474285
1 72 12.491196
2 0 16.519409
2 1 3.164641
2 2 0.000000
2 3 11.271244
2 4 15.315498
2 5 17.768647
2 6 13.545359
2 7 9.337788
2 8 12.473314
2 9 8.287763
2 10 9.553109
2 11 2.747466
2 12 4.222987
2 13 19.200217
2 14 7.973214
2 15 16.553484
2 16 3.048458
2 17 13.991154
2 18 14.725907
2 19 16.234062
2 20 19.102111
2 21 12.639189
2 22 11.920682
2 23 7.135805
2 24 20.864457
2 25 8.727813
2 26 3.196500
2 27 14.866469
2 28 7.481792
2 29 9.288694
2 30 4.093705
2 31 7.408004
2 32 6.170159
2 33 1.853876
2 34 18.719165
2 35 11.390469
2 36 15.582719
2 37 5.795928
2 38 7.156243
2 39 18.391423
2 40 4.365943
2 41 6.811420
2 42 12.399912
2 43 12.172156
2 44 18.243650
2 45 5.154230
2 46 5.895668
2 47 10.223181
2 48 20.508352
2 49 17.293245
2 50 14.120788
2 51 9.306163
2 52 20.666741
2 53 1.824635
2 54 14.827910
2 55 18.723214
2 56 14.881828
2 57 10.765836
2 58 9.324409
2 59 12.859829
2 60 6.547228
2 61 3.960740
2 62 8.919163
2 63 8.552566
2 64 4.452817
2 65 6.519064
2 66 7.919615
2 67 10.994351
2 68 12.359428
2 69 16.209571
2 70 16.439839
2 71 12.267628
2 72 14.700567
3 0 9.141236
3 1 9.371702
3 2 11.271244
3 3 0.000000
3 4 7.498434
3 5 7.770494
3 6 16.327031
3 7 18.321057
3 8 3.716757
3 9 18.248910
3 10 6.142901
3 11 8.647861
3 12 10.482379
3 13 11.257205
3 14 3.336734
3 15 6.097370
3 16 10.988328
3 17 6.730455
3 18 4.636625
3 19 6.236999
3 20 10.506154
3 21 7.709192
3 22 6.213879
3 23 11.551786
3 24 12.429703
3 25 5.048041
3 26 12.719885
3 27 9.276608
3 28 4.891939
3 29 3.362187
3 30 7.420189
3 31 9.338978
3 32 10.929150
3 33 11.500443
3 34 12.974086
3 35 9.245986
3 36 6.768345
3 37 8.166889
3 38 14.420458
3 39 9.304641
3 40 8.158703
3 41 4.802685
3 42 13.329331
3 43 13.711978
3 44 10.815920
3 45 12.909109
3 46 5.393876
3 47 1.144964
3 48 13.320446
3 49 11.107791
3 50 6.563377
3 51 5.613006
3 52 11.674354
3 53 9.447573
3 54 9.088639
3 55 11.148067
3 56 4.833702
3 57 4.859078
3 58 2.860360
3 59 17.026025
3 60 15.906235
3 61 7.353333
3 62 10.944835
3 63 6.127486
3 64 12.538972
3 65 14.472119
3 66 6.804300
3 67 6.860484
3 68 2.435348
3 69 4.960229
3 70 6.115635
3 71 4.561576
3 72 3.625973
4 0 1.642835
4 1 14.769684
4 2 15.315498
4 3 7.498434
4 4 0.000000
4 5 3.887035
4 6 23.595892
4 7 24.014461
4 8 3.844901
4 9 23.421859
4 10 5.866432
4 11 13.432956
4 12 12.418493
4 13 17.412359
4 14 9.407978
4 15 4.338632
4 16 13.516428
4 17 13.849998
4 18 10.680773
4 19 11.814012
4 20 3.787048
4 21 3.493171
4 22 3.473249
4 23 18.164942
4 24 5.586015
4 25 6.605625
4 26 15.209398
4 27 2.867004
4 28 11.612042
4 29 6.567218
4 30 11.340867
4 31 16.211406
4 32 17.350280
4 33 14.617676
4 34 19.887778
4 35 16.723671
4 36 1.401195
4 37 9.883907
4 38 20.542177
4 39 3.270620
4 40 11.012967
4 41 8.974263
4 42 20.713856
4 43 21.044289
4 44 3.367892
4 45 18.707958
4 46 10.258605
4 47 7.488535
4 48 5.889096
4 49 3.753327
4 50 13.613487
4 51 6.022901
4 52 17.030242
4 53 13.757000
4 54 2.656050
4 55 3.757090
4 56 10.844600
4 57 12.357203
4 58 10.062254
4 59 24.096746
4 60 21.321987
4 61 12.263648
4 62 18.020818
4 63 13.336423
4 64 14.267128
4 65 20.363618
4 66 7.582998
4 67 14.355598
4 68 9.519733
4 69 7.100793
4 70 4.031630
4 71 3.367304
4 72 8.558576
5 0 4.505115
5 1 16.609890
5 2 17.768647
5 3 7.770494
5 4 3.887035
5 5 0.000000
5 6 23.976811
5 7 25.814018
5 8 5.295775
5 9 25.505016
5 10 8.953162
5 11 15.518679
5 12 15.470642
5 13 15.339302
5 14 10.662743
5 15 1.818116
5 16 16.435986
5 17 12.814633
5 18 9.193049
5 19 9.873794
5 20 3.564608
5 21 7.260220
5 22 6.787924
5 23 19.292452
5 24 5.223818
5 25 9.209369
5 26 18.195350
5 27 6.660285
5 28 12.592397
5 29 8.492649
5 30 13.676519
5 31 17.106590
5 32 18.620805
5 33 17.385260
5 34 18.322999
5 35 16.656877
5 36 2.687223
5 37 12.857871
5 38 22.046568
5 39 2.199956
5 40 13.706849
5 41 11.010716
5 42 20.885854
5 43 21.325785
5 44 5.093624
5 45 20.398578
5 46 12.139593
5 47 8.311750
5 48 7.014857
5 49 6.627160
5 50 12.519739
5 51 8.908459
5 52 14.513765
5 53 16.054705
5 54 6.463784
5 55 5.116958
5 56 9.307527
5 57 12.259419
5 58 10.630241
5 59 24.765864
5 60 23.257334
5 61 14.245986
5 62 18.701895
5 63 13.881378
5 64 17.443589
5 65 22.014963
5 66 10.614430
5 67 14.229481
5 68 8.964210
5 69 4.792990
5 70 1.694990
5 71 5.621865
5 72 7.029213
6 0 25.204157
6 1 11.116351
6 2 13.545359
6 3 16.327031
6 4 23.595892
6 5 23.976811
6 6 0.000000
6 7 9.337459
6 8 19.765043
6 9 11.190392
6 10 19.572123
6 11 12.709374
6 12 17.336199
6 13 14.805930
6 14 14.303303
6 15 22.201133
6 16 16.421552
6 17 12.367724
6 18 15.826858
6 19 16.304713
6 20 26.828243
6 21 22.541457
6 22 21.211354
6 23 6.547285
6 24 28.754227
6 25 18.145570
6 26 16.688645
6 27 24.651354
6 28 12.055327
6 29 17.329687
6 30 14.662913
6 31 7.641988
6 32 7.576587
6 33 15.390797
6 34 11.781979
6 35 7.490742
6 36 23.054190
6 37 17.573281
6 38 7.159202
6 39 25.629252
6 40 16.053581
6 41 15.518080
6 42 3.228601
6 43 2.673880
6 44 26.963771
6 45 8.659820
6 46 14.278906
6 47 16.122486
6 48 29.484956
6 49 26.875466
6 50 12.703848
6 51 19.035922
6 52 17.127171
6 53 13.350669
6 54 24.514909
6 55 27.340466
6 56 15.826376
6 57 11.743395
6 58 13.564478
6 59 1.916335
6 60 9.780608
6 61 13.086567
6 62 5.686446
6 63 10.265056
6 64 17.995352
6 65 8.042083
6 66 18.648071
6 67 9.845371
6 68 15.098439
6 69 19.950734
6 70 22.283897
6 71 20.293285
6 72 17.506620
7 0 25.381208
7 1 9.262491
7 2 9.337788
7 3 18.321057
7 4 24.014461
7 5 25.814018
7 6 9.337459
7 7 0.000000
7 8 20.665407
7 9 2.126675
7 10 18.551666
7 11 10.603029
7 12 13.478250
7 13 21.887142
7 14 15.167078
7 15 24.311839
7 16 12.215977
7 17 17.723357
7 18 20.114306
7 19 21.220885
7 20 27.739987
7 21 21.721047
7 22 20.806538
7 23 7.401542
7 24 29.596359
7 25 17.476009
7 26 11.468846
7 27 23.975593
7 28 13.464667
7 29 17.529716
7 30 12.786625
7 31 9.708298
7 32 7.627574
7 33 10.864377
7 34 19.772353
7 35 13.013620
7 36 24.013211
7 37 15.070951
7 38 4.112232
7 39 26.843892
7 40 13.545999
7 41 15.049115
7 42 10.696714
7 43 10.047686
7 44 27.157971
7 45 5.421973
7 46 13.793823
7 47 17.562376
7 48 29.531367
7 49 26.403441
7 50 17.996213
7 51 18.201189
7 52 23.970924
7 53 10.456769
7 54 23.913342
7 55 27.619709
7 56 20.202750
7 57 15.414934
7 58 15.606673
7 59 7.590016
7 60 2.793649
7 61 11.751470
7 62 9.246609
7 63 12.961731
7 64 13.024505
7 65 3.861362
7 66 17.040620
7 67 14.345528
7 68 18.335073
7 69 23.086459
7 70 24.274579
7 71 20.735081
7 72 20.988294
8 0 5.477371
8 1 11.413978
8 2 12.473314
8 3 3.716757
8 4 3.844901
8 5 5.295775
8 6 19.765043
8 7 20.665407
8 8 0.000000
8 9 20.264632
8 10 4.209066
8 11 10.251324
8 12 10.375705
8 13 14.399029
8 14 5.691247
8 15 4.217406
8 16 11.254156
8 17 10.315915
8 18 7.551992
8 19 8.939120
8 20 7.211702
8 21 4.364855
8 22 2.994548
8 23 14.477035
8 24 9.130398
8 25 4.041130
8 26 13.029471
8 27 5.619213
8 28 7.837937
8 29 3.202665
8 30 8.380798
8 31 12.446665
8 32 13.710973
8 33 12.138873
8 34 16.498353
8 35 12.891673
8 36 3.399252
8 37 7.766352
8 38 17.020176
8 39 6.196744
8 40 8.466376
8 41 5.727728
8 42 16.869319
8 43 17.203612
8 44 7.206877
8 45 15.278177
8 46 6.898938
8 47 3.646246
8 48 9.727534
8 49 7.392016
8 50 10.113087
8 51 3.962451
8 52 14.404184
8 53 10.761649
8 54 5.422123
8 55 7.575775
8 56 7.737829
8 57 8.553369
8 58 6.218467
8 59 20.307216
8 60 18.054440
8 61 8.994811
8 62 14.218742
8 63 9.500971
8 64 12.407984
8 65 16.917759
8 66 5.659654
8 67 10.540491
8 68 5.934840
8 69 5.281308
8 70 4.049563
8 71 1.048532
8 72 5.691640
9 0 24.707989
9 1 8.919299
9 2 8.287763
9 3 18.248910
9 4 23.421859
9 5 25.505016
9 6 11.190392
9 7 2.126675
9 8 20.264632
9 9 0.000000
9 10 17.777533
9 11 10.025944
9 12 12.230249
9 13 22.888211
9 14 14.981738
9 15 24.094879
9 16 10.944422
9 17 18.429076
9 18 20.501173
9 19 21.720989
9 20 27.189908
9 21 20.902703
9 22 20.105170
9 23 8.159498
9 24 29.003603
9 25 16.822020
9 26 9.971560
9 27 23.140427
9 28 13.516575
9 29 17.076133
9 30 12.084055
9 31 10.302801
9 32 8.118889
9 33 9.590735
9 34 21.044884
9 35 13.985779
9 36 23.541996
9 37 14.082776
9 38 4.977922
9 39 26.376161
9 40 12.634630
9 41 14.554338
9 42 12.190585
9 43 11.585166
9 44 26.458170
9 45 5.534659
9 46 13.370205
9 47 17.393911
9 48 28.764769
9 49 25.569662
9 50 18.678210
9 51 17.481968
9 52 24.877138
9 53 9.675863
9 54 23.095788
9 55 26.931408
9 56 20.607229
9 57 15.852649
9 58 15.669222
9 59 9.532631
9 60 2.413219
9 61 11.269830
9 62 10.232476
9 63 13.345030
9 64 11.519864
9 65 4.369486
9 66 16.183848
9 67 15.022774
9 68 18.544266
9 69 23.131031
9 70 24.031127
9 71 20.227907
9 72 21.166128
10 0 6.971141
10 1 9.494210
10 2 9.553109
10 3 6.142901
10 4 5.866432
10 5 8.953162
10 6 19.572123
10 7 18.551666
10 8 4.209066
10 9 17.777533
10 10 0.000000
10 11 7.984251
10 12 6.583067
10 13 17.384073
10 14 5.632040
10 15 8.276038
10 16 7.652685
10 17 12.611244
10 18 10.748750
10 19 12.313221
10 20 9.633570
10 21 3.181948
10 22 2.399642
10 23 13.488443
10 24 11.337993
10 25 1.467960
10 26 9.360846
10 27 5.437472
10 28 7.749143
10 29 2.921739
10 30 5.767172
10 31 11.931691
10 32 12.552284
10 33 8.756782
10 34 18.832256
10 35 13.697317
10 36 6.416239
10 37 4.019345
10 38 15.388718
10 39 9.080159
10 40 5.198648
10 41 4.055261
10 42 17.079960
10 43 17.251909
10 44 8.691286
10 45 13.431990
10 46 5.326301
10 47 5.251572
10 48 10.994023
10 49 7.857603
10 50 12.500717
10 51 0.592458
10 52 17.791974
10 53 8.120225
10 54 5.365373
10 55 9.170166
10 56 10.945856
10 57 9.963408
10 58 7.189530
10 59 19.716098
10 60 15.796201
10 61 6.987584
10 62 13.888401
10 63 9.830598
10 64 8.505098
10 65 15.081164
10 66 1.717993
10 67 11.681767
10 68 8.546483
10 69 9.416623
10 70 8.058986
10 71 3.439665
10 72 9.318769
11 0 14.779225
11 1 1.644368
11 2 2.747466
11 3 8.647861
11 4 13.432956
11 5 15.518679
11 6 12.709374
11 7 10.603029
11 8 10.251324
11 9 10.025944
11 10 7.984251
11 11 0.000000
11 12 4.770452
11 13 16.583422
11 14 5.316703
11 15 14.183080
11 16 4.173056
11 17 11.335092
11 18 11.979292
11 19 13.487081
11 20 17.183843
11 21 11.165496
11 22 10.205048
11 23 6.179974
11 24 19.018921
11 25 6.873022
11 26 5.275986
11 27 13.421595
11 28 4.746661
11 29 7.054816
11 30 2.241659
11 31 5.605176
11 32 5.152006
11 33 3.748539
11 34 16.339812
11 35 9.211312
11 36 13.516326
11 37 4.978725
11 38 7.463204
11 39 16.350815
11 40 3.400474
11 41 4.529909
11 42 10.980192
11 43 10.894847
11 44 16.554943
11 45 5.464896
11 46 3.395684
11 47 7.648273
11 48 18.935656
11 49 15.840575
11 50 11.448015
11 51 7.607912
11 52 17.979193
11 53 1.059853
11 54 13.348255
11 55 17.017053
11 56 12.134706
11 57 8.077257
11 58 6.583556
11 59 12.407795
11 60 7.889428
11 61 1.303265
11 62 7.427870
11 63 5.987589
11 64 6.011876
11 65 7.104487
11 66 6.575481
11 67 8.482074
11 68 9.622755
11 69 13.606663
11 70 14.096267
11 71 10.204527
11 72 12.002583
12 0 13.368215
12 1 6.249742
12 2 4.222987
12 3 10.482379
12 4 12.418493
12 5 15.470642
12 6 17.336199
12 7 13.478250
12 8 10.375705
12 9 12.230249
12 10 6.583067
12 11 4.770452
12 12 0.000000
12 13 20.359427
12 14 7.748085
12 15 14.591935
12 16 1.288147
12 17 15.086388
12 18 14.759636
12 19 16.376892
12 20 16.143858
12 21 9.297120
12 22 8.948333
12 23 10.792685
12 24 17.758741
12 25 6.334658
12 26 2.797115
12 27 11.399518
12 28 8.450752
12 29 7.556371
12 30 3.680609
12 31 10.372778
12 32 9.766926
12 33 2.639643
12 34 20.633752
12 35 13.807005
12 36 12.991561
12 37 2.616634
12 38 11.330688
12 39 15.656769
12 40 2.396454
12 41 5.717854
12 42 15.745267
12 43 15.640987
12 44 14.977306
12 45 9.296464
12 46 5.638635
12 47 9.337471
12 48 17.057304
12 49 13.769948
12 50 15.124054
12 51 6.563855
12 52 21.428285
12 53 3.990815
12 54 11.401728
12 55 15.468768
12 56 14.943302
12 57 11.820457
12 58 9.556461
12 59 16.848308
12 60 10.707231
12 61 4.999394
12 62 12.191032
12 63 10.229995
12 64 2.073449
12 65 10.728867
12 66 4.875562
12 67 12.713787
12 68 12.276543
12 69 15.030033
12 70 14.413403
12 71 9.856573
12 72 14.108326
13 0 18.895786
13 1 16.161590
13 2 19.200217
13 3 11.257205
13 4 17.412359
13 5 15.339302
13 6 14.805930
13 7 21.887142
13 8 14.399029
13 9 22.888211
13 10 17.384073
13 11 16.583422
13 12 20.359427
13 13 0.000000
13 14 12.768590
13 15 13.707340
13 16 20.369187
13 17 5.285969
13 18 6.847375
13 19 5.601016
13 20 18.900411
13 21 18.739304
13 22 17.290286
13 23 14.739935
13 24 20.500546
13 25 16.182521
13 26 21.790647
13 27 19.882071
13 28 11.988738
13 29 14.512756
13 30 16.706085
13 31 12.787257
13 32 14.946756
13 33 20.294245
13 34 3.789839
13 35 8.905059
13 36 16.175405
13 37 18.620000
13 38 17.938147
13 39 17.526979
13 40 17.995283
13 41 14.978317
13 42 11.886159
13 43 12.590112
13 44 20.143770
13 45 17.644527
13 46 14.735724
13 47 12.150129
13 48 22.321808
13 49 21.139128
13 50 5.235414
13 51 16.836115
13 52 2.348363
13 53 17.640443
13 54 19.670643
13 55 20.291470
13 56 6.663128
13 57 8.575467
13 58 10.893652
13 59 16.498360
13 60 20.580761
13 61 15.690078
13 62 12.674465
13 63 10.649812
13 64 22.190762
13 65 18.523973
13 66 17.823201
13 67 8.279486
13 68 8.837725
13 69 10.597186
13 70 13.962833
13 71 15.423366
13 72 8.863938
14 0 10.973130
14 1 6.071422
14 2 7.973214
14 3 3.336734
14 4 9.407978
14 5 10.662743
14 6 14.303303
14 7 15.167078
14 8 5.691247
14 9 14.981738
14 10 5.632040
14 11 5.316703
14 12 7.748085
14 13 12.768590
14 14 0.000000
14 15 9.147455
14 16 8.023844
14 17 7.592151
14 18 7.049800
14 19 8.652554
14 20 12.902925
14 21 8.319246
14 22 6.931863
14 23 8.786518
14 24 14.820231
14 25 4.169989
14 26 9.679007
14 27 10.363991
14 28 2.248498
14 29 3.038550
14 30 4.313134
14 31 6.808441
14 32 8.026174
14 33 8.357409
14 34 13.592771
14 35 8.067479
14 36 9.089205
14 37 5.851748
14 38 11.391562
14 39 11.860857
14 40 5.351670
14 41 2.218686
14 42 11.604380
14 43 11.845410
14 44 12.758366
14 45 9.745969
14 46 2.205267
14 47 2.412339
14 48 15.268575
14 49 12.573019
14 50 7.571399
14 51 5.044876
14 52 13.701355
14 53 6.149244
14 54 10.221226
14 55 13.163528
14 56 7.227824
14 57 4.540394
14 58 1.877394
14 59 14.703819
14 60 12.670008
14 61 4.029170
14 62 8.657489
14 63 4.232972
14 64 9.720593
14 65 11.353899
14 66 5.382305
14 67 6.089482
14 68 4.575780
14 69 8.296731
14 70 9.107521
14 71 6.050144
14 72 6.739971
15 0 5.468203
15 1 15.176795
15 2 16.553484
15 3 6.097370
15 4 4.338632
15 5 1.818116
15 6 22.201133
15 7 24.311839
15 8 4.217406
15 9 24.094879
15 10 8.276038
15 11 14.183080
15 12 14.591935
15 13 13.707340
15 14 9.147455
15 15 0.000000
15 16 15.466188
15 17 11.006439
15 18 7.409370
15 19 8.175086
15 20 5.245582
15 21 7.230286
15 22 6.405636
15 23 17.648959
15 24 6.999779
15 25 8.257990
15 26 17.243204
15 27 7.197901
15 28 10.972070
15 29 7.284091
15 30 12.467860
15 31 15.428181
15 32 17.013042
15 33 16.322374
15 34 16.589018
15 35 14.855598
15 36 2.937516
15 37 11.980377
15 38 20.478272
15 39 3.872440
15 40 12.661213
15 41 9.744309
15 42 19.095261
15 43 19.544445
15 44 6.472390
15 45 18.889893
15 46 10.787437
15 47 6.750594
15 48 8.620814
15 49 7.720853
15 50 10.714455
15 51 8.117878
15 52 13.027905
15 53 14.794077
15 54 6.983830
15 55 6.590785
15 56 7.530867
15 57 10.469431
15 58 8.951625
15 59 23.023965
15 60 21.808006
15 61 12.890940
15 62 16.978605
15 63 12.162638
15 64 16.618894
15 65 20.486311
15 66 9.833656
15 67 12.429797
15 68 7.157133
15 69 3.110163
15 70 0.307152
15 71 4.836384
15 72 5.232228
16 0 14.526881
16 1 5.466993
16 2 3.048458
16 3 10.988328
16 4 13.516428
16 5 16.435986
16 6 16.421552
16 7 12.215977
16 8 11.254156
16 9 10.944422
16 10 7.652685
16 11 4.173056
16 12 1.288147
16 13 20.369187
16 14 8.023844
16 15 15.466188
16 16 0.000000
16 17 15.083252
16 18 15.073178
16 19 16.670781
16 20 17.268275
16 21 10.481368
16 22 10.043792
16 23 9.909503
16 24 18.918114
16 25 7.234291
16 26 1.780462
16 27 12.616821
16 28 8.382223
16 29 8.286663
16 30 3.733128
16 31 9.725811
16 32 8.897695
16 33 1.356887
16 34 20.405761
16 35 13.375744
16 36 14.018395
16 37 3.633342
16 38 10.202658
16 39 16.729005
16 40 2.864467
16 41 6.186942
16 42 15.005280
16 43 14.853847
16 44 16.163891
16 45 8.189713
16 46 5.831232
16 47 9.852525
16 48 18.281881
16 49 15.002440
16 50 15.149415
16 51 7.569902
16 52 21.564497
16 53 3.228285
16 54 12.611166
16 55 16.653985
16 56 15.250213
16 57 11.794082
16 58 9.740021
16 59 15.838905
16 60 9.454485
16 61 4.724943
16 62 11.458171
16 63 9.986502
16 64 1.859248
16 65 9.565313
16 66 5.934733
16 67 12.493694
16 68 12.598938
16 69 15.694582
16 70 15.303706
16 71 10.814683
16 72 14.598972
17 0 15.459954
17 1 11.024602
17 2 13.991154
17 3 6.730455
17 4 13.849998
17 5 12.814633
17 6 12.367724
17 7 17.723357
17 8 10.315915
17 9 18.429076
17 10 12.611244
17 11 11.335092
17 12 15.086388
17 13 5.285969
17 14 7.592151
17 15 11.006439
17 16 15.083252
17 17 0.000000
17 18 3.718955
17 19 3.937005
17 20 16.177016
17 21 14.439647
17 22 12.944017
17 23 10.337113
17 24 17.994785
17 25 11.296040
17 26 16.514830
17 27 15.934635
17 28 6.703707
17 29 9.690005
17 30 11.425114
17 31 8.127260
17 32 10.316857
17 33 15.025624
17 34 6.251893
17 35 5.056000
17 36 12.831810
17 37 13.428738
17 38 13.632619
17 39 14.829954
17 40 12.733646
17 41 9.810725
17 42 9.143254
17 43 9.757024
17 44 16.972547
17 45 12.978493
17 46 9.478694
17 47 7.392168
17 48 19.375482
17 49 17.581745
17 50 0.338326
17 51 12.035136
17 52 6.705628
17 53 12.387815
17 54 15.738038
17 55 17.223527
17 56 3.658112
17 57 3.290195
17 58 5.719474
17 59 13.687173
17 60 16.044174
17 61 10.410415
17 62 8.573493
17 63 5.494620
17 64 16.905518
17 65 14.084974
17 66 12.824997
17 67 3.406363
17 68 4.381077
17 69 8.190866
17 70 11.183766
17 71 11.247694
17 72 5.794762
18 0 12.225807
18 1 12.179050
18 2 14.725907
18 3 4.636625
18 4 10.680773
18 5 9.193049
18 6 15.826858
18 7 20.114306
18 8 7.551992
18 9 20.501173
18 10 10.748750
18 11 11.979292
18 12 14.759636
18 13 6.847375
18 14 7.049800
18 15 7.409370
18 16 15.073178
18 17 3.718955
18 18 0.000000
18 19 1.627477
18 20 12.639290
18 21 11.898672
18 22 10.461063
18 23 12.773392
18 24 14.407362
18 25 9.684018
18 26 16.712206
18 27 13.057063
18 28 7.316561
18 29 7.996840
18 30 11.353220
18 31 10.427930
18 32 12.493002
18 33 15.347651
18 34 9.251776
18 35 8.348061
18 36 9.524212
18 37 12.630418
18 38 16.011794
18 39 11.273608
18 40 12.370873
18 41 9.062050
18 42 12.604202
18 43 13.167607
18 44 13.612609
18 45 14.967143
18 46 9.245443
18 47 5.683231
18 48 15.935170
18 49 14.431963
18 50 3.398569
18 51 10.234952
18 52 7.044054
18 53 12.947326
18 54 12.847664
18 55 13.819555
18 56 0.197273
18 57 4.702073
18 58 5.417807
18 59 16.993031
18 60 18.088307
18 61 10.805324
18 62 11.392888
18 63 7.169109
18 64 16.760287
18 65 16.307879
18 66 11.428952
18 67 6.137447
18 68 2.483153
18 69 4.488712
18 70 7.612855
18 71 8.579032
18 72 2.191589
19 0 13.295494
19 1 13.596233
19 2 16.234062
19 3 6.236999
19 4 11.814012
19 5 9.873794
19 6 16.304713
19 7 21.220885
19 8 8.939120
19 9 21.720989
19 10 12.313221
19 11 13.487081
19 12 16.376892
19 13 5.601016
19 14 8.652554
19 15 8.175086
19 16 16.670781
19 17 3.937005
19 18 1.627477
19 19 0.000000
19 20 13.409455
19 21 13.303797
19 22 11.897742
19 23 13.830414
19 24 15.086745
19 25 11.283624
19 26 18.295068
19 27 14.322889
19 28 8.775835
19 29 9.599076
19 30 12.944486
19 31 11.513378
19 32 13.641123
19 33 16.913856
19 34 8.466274
19 35 8.944526
19 36 10.575205
19 37 14.257863
19 38 17.108685
19 39 12.033191
19 40 13.985768
19 41 10.685486
19 42 13.079787
19 43 13.689665
19 44 14.567437
19 45 16.191741
19 46 10.839804
19 47 7.301326
19 48 16.793516
19 49 15.538130
19 50 3.601018
19 51 11.810998
19 52 5.498134
19 53 14.473416
19 54 14.109471
19 55 14.731458
19 56 1.437608
19 57 5.872428
19 58 6.971641
19 59 17.605677
19 60 19.309434
19 61 12.341311
19 62 12.276622
19 63 8.386770
19 64 18.370478
19 65 17.462596
19 66 13.038926
19 67 6.970072
19 68 4.103017
19 69 5.082954
19 70 8.416641
19 71 9.981696
19 72 3.289270
20 0 2.894983
20 1 18.480907
20 2 19.102111
20 3 10.506154
20 4 3.787048
20 5 3.564608
20 6 26.828243
20 7 27.739987
20 8 7.211702
20 9 27.189908
20 10 9.633570
20 11 17.183843
20 12 16.143858
20 13 18.900411
20 14 12.902925
20 15 5.245582
20 16 17.268275
20 17 16.177016
20 18 12.639290
20 19 13.409455
20 20 0.000000
20 21 6.951116
20 22 7.233966
20 23 21.688559
20 24 1.928985
20 25 10.386343
20 26 18.940187
20 27 5.319779
20 28 15.032222
20 29 10.224243
20 30 15.116086
20 31 19.636927
20 32 20.918837
20 33 18.390304
20 34 21.834582
20 35 19.689326
20 36 3.817280
20 37 13.641128
20 38 24.192218
20 39 1.376304
20 40 14.797740
20 41 12.691334
20 42 23.830308
20 43 24.218119
20 44 2.103879
20 45 22.399479
20 46 13.952869
20 47 10.764604
20 48 3.466362
20 49 4.049645
20 50 15.896619
20 51 9.808492
20 52 18.064554
20 53 17.533995
20 54 5.205960
20 55 1.869083
20 56 12.766509
20 57 15.265270
20 58 13.280026
20 59 27.462597
20 60 25.067300
20 61 15.992112
20 62 21.367349
20 63 16.587088
20 64 17.939809
20 65 24.050383
20 66 11.344576
20 67 17.269081
20 68 12.108481
20 69 8.328001
20 70 5.027641
20 71 7.007480
20 72 10.451652
21 0 4.097917
21 1 12.673185
21 2 12.639189
21 3 7.709192
21 4 3.493171
21 5 7.260220
21 6 22.541457
21 7 21.721047
21 8 4.364855
21 9 20.902703
21 10 3.181948
21 11 11.165496
21 12 9.297120
21 13 18.739304
21 14 8.319246
21 15 7.230286
21 16 10.481368
21 17 14.439647
21 18 11.898672
21 19 13.303797
21 20 6.951116
21 21 0.000000
21 22 1.498697
21 23 16.592228
21 24 8.474026
21 25 4.456041
21 26 12.088615
21 27 2.256499
21 28 10.546259
21 29 5.294901
21 30 8.943559
21 31 14.927924
21 32 15.676386
21 33 11.686007
21 34 20.680327
21 35 16.293775
21 36 4.579060
21 37 6.921885
21 38 18.566003
21 39 6.715341
21 40 8.274220
21 41 7.112890
21 42 19.920124
21 43 20.142720
21 44 5.682820
21 45 16.613570
21 46 8.418430
21 47 7.179714
21 48 7.869516
21 49 4.682405
21 50 14.269009
21 51 3.608889
21 52 18.766075
21 53 11.274558
21 54 2.194821
21 55 6.173426
21 56 12.087012
21 57 12.230776
21 58 9.561482
21 59 22.776564
21 60 18.958093
21 61 10.161140
21 62 16.858075
21 63 12.543067
21 64 11.016717
21 65 18.263079
21 66 4.720505
21 67 14.107873
21 68 10.102128
21 69 9.338924
21 70 6.946198
21 71 3.323446
21 72 10.051704
22 0 4.604181
22 1 11.641021
22 2 11.920682
22 3 6.213879
22 4 3.473249
22 5 6.787924
22 6 21.211354
22 7 20.806538
22 8 2.994548
22 9 20.105170
22 10 2.399642
22 11 10.205048
22 12 8.948333
22 13 17.290286
22 14 6.931863
22 15 6.405636
22 16 10.043792
22 17 12.944017
22 18 10.461063
22 19 11.897742
22 20 7.233966
22 21 1.498697
22 22 0.000000
22 23 15.383012
22 24 8.948476
22 25 3.340760
22 26 11.737263
22 27 3.440422
22 28 9.174761
22 29 3.893329
22 30 8.036463
22 31 13.631060
22 32 14.496219
22 33 11.156423
22 34 19.187091
22 35 14.845202
22 36 4.150100
22 37 6.412060
22 38 17.505158
22 39 6.712210
22 40 7.582643
22 41 5.931407
22 42 18.533331
22 43 18.776390
22 44 6.358090
22 45 15.596257
22 46 7.247350
22 47 5.686514
22 48 8.735999
22 49 5.745810
22 50 12.775793
22 51 2.623404
22 52 17.379064
22 53 10.430430
22 54 3.310329
22 55 6.827613
22 56 10.651494
22 57 10.745009
22 58 8.096133
22 59 21.510920
22 60 18.073573
22 61 9.115688
22 62 15.538869
22 63 11.133108
22 64 10.819791
22 65 17.253085
22 66 4.112348
22 67 12.635496
22 68 8.614374
22 69 8.165461
22 70 6.148586
22 71 1.949565
22 72 8.675211
23 0 19.694694
23 1 4.571424
23 2 7.135805
23 3 11.551786
23 4 18.164942
23 5 19.292452
23 6 6.547285
23 7 7.401542
23 8 14.477035
23 9 8.159498
23 10 13.488443
23 11 6.179974
23 12 10.792685
23 13 14.739935
23 14 8.786518
23 15 17.648959
23 16 9.909503
23 17 10.337113
23 18 12.773392
23 19 13.830414
23 20 21.688559
23 21 16.592228
23 22 15.383012
23 23 0.000000
23 24 23.606723
23 25 12.136296
23 26 10.327341
23 27 18.792499
23 28 6.704486
23 29 11.632412
23 30 8.217995
23 31 2.350991
23 32 1.030228
23 33 8.948193
23 34 13.130745
23 35 5.854946
23 36 17.873199
23 37 11.104119
23 38 3.296918
23 39 20.626441
23 40 9.555648
23 41 9.479953
23 42 5.343281
23 43 5.052221
23 44 21.489927
23 45 3.087138
23 46 8.174911
23 47 11.005109
23 48 23.981630
23 49 21.127522
23 50 10.603689
23 51 12.997571
23 52 16.718277
23 53 6.804517
23 54 18.680656
23 55 21.909718
23 56 12.851775
23 57 8.074517
23 58 8.706503
23 59 6.284574
23 60 5.843056
23 61 6.681510
23 62 2.220399
23 63 5.708448
23 64 11.545686
23 65 3.790030
23 66 12.375311
23 67 6.947517
23 68 11.159624
23 69 16.041920
23 70 17.660190
23 71 14.797691
23 72 13.812281
24 0 4.391604
24 1 20.344892
24 2 20.864457
24 3 12.429703
24 4 5.586015
24 5 5.223818
24 6 28.754227
24 7 29.596359
24 8 9.130398
24 9 29.003603
24 10 11.337993
24 11 19.018921
24 12 17.758741
24 13 20.500546
24 14 14.820231
24 15 6.999779
24 16 18.918114
24 17 17.994785
24 18 14.407362
24 19 15.086745
24 20 1.928985
24 21 8.474026
24 22 8.948476
24 23 23.606723
24 24 0.000000
24 25 12.182200
24 26 20.554234
24 27 6.567216
24 28 16.957468
24 29 12.105459
24 30 16.920099
24 31 21.563262
24 32 22.829856
24 33 20.078205
24 34 23.543595
24 35 21.596826
24 36 5.741980
24 37 15.310570
24 38 26.084038
24 39 3.181013
24 40 16.530955
24 41 14.549829
24 42 25.749433
24 43 26.141313
24 44 2.900023
24 45 24.274509
24 46 15.823612
24 47 12.693148
24 48 2.525777
24 49 4.692106
24 50 17.707267
24 51 11.558330
24 52 19.533237
24 53 19.333499
24 54 6.502536
24 55 2.424350
24 56 14.525682
24 57 17.172603
24 58 15.208582
24 59 29.391511
24 60 26.907794
24 61 17.844891
24 62 23.296271
24 63 18.515551
24 64 19.486965
24 65 25.927941
24 66 13.030672
24 67 19.173823
24 68 13.987903
24 69 10.012563
24 70 6.811518
24 71 8.885044
24 72 12.231889
25 0 7.907445
25 1 8.300733
25 2 8.727813
25 3 5.048041
25 4 6.605625
25 5 9.209369
25 6 18.145570
25 7 17.476009
25 8 4.041130
25 9 16.822020
25 10 1.467960
25 11 6.873022
25 12 6.334658
25 13 16.182521
25 14 4.169989
25 15 8.257990
25 16 7.234291
25 17 11.296040
25 18 9.684018
25 19 11.283624
25 20 10.386343
25 21 4.456041
25 22 3.340760
25 23 12.136296
25 24 12.182200
25 25 0.000000
25 26 9.003105
25 27 6.672160
25 28 6.282457
25 29 1.688249
25 30 4.738030
25 31 10.511265
25 32 11.222035
25 33 8.184868
25 34 17.485496
25 35 12.231910
25 36 6.876765
25 37 3.728232
25 38 14.171061
25 39 9.668458
25 40 4.510857
25 41 2.658356
25 42 15.622928
25 43 15.803601
25 44 9.682014
25 45 12.255781
25 46 3.962531
25 47 4.042827
25 48 12.076601
25 49 9.050136
25 50 11.203703
25 51 0.895817
25 52 16.715240
25 53 7.151981
25 54 6.572753
25 55 10.144252
25 56 9.880970
25 57 8.552780
25 58 5.775120
25 59 18.331676
25 60 14.753930
25 61 5.775510
25 62 12.459370
25 63 8.362658
25 64 8.371948
25 65 13.912458
25 66 1.803577
25 67 10.236001
25 68 7.373296
25 69 8.904656
25 70 8.083341
25 71 3.598204
25 72 8.455954
26 0 16.164267
26 1 6.225292
26 2 3.196500
26 3 12.719885
26 4 15.209398
26 5 18.195350
26 6 16.688645
26 7 11.468846
26 8 13.029471
26 9 9.971560
26 10 9.360846
26 11 5.275986
26 12 2.797115
26 13 21.790647
26 14 9.679007
26 15 17.243204
26 16 1.780462
26 17 16.514830
26 18 16.712206
26 19 18.295068
26 20 18.940187
26 21 12.088615
26 22 11.737263
26 23 10.327341
26 24 20.554234
26 25 9.003105
26 26 0.000000
26 27 14.170733
26 28 9.823058
26 29 10.065771
26 30 5.365971
26 31 10.531759
26 32 9.366482
26 33 1.532629
26 34 21.611799
26 35 14.405120
26 36 15.753694
26 37 5.354161
26 38 10.042020
26 39 18.440389
26 40 4.637191
26 41 7.927829
26 42 15.595238
26 43 15.367919
26 44 17.765511
26 45 8.143137
26 46 7.474145
26 47 11.589973
26 48 19.817194
26 49 16.523029
26 50 16.602725
26 51 9.308948
26 52 23.078414
26 53 4.224151
26 54 14.179050
26 55 18.257398
26 56 16.885252
26 57 13.228795
26 58 11.332869
26 59 15.910180
26 60 8.808092
26 61 6.106192
26 62 12.104150
26 63 11.255053
26 64 1.556358
26 65 9.304611
26 66 7.645835
26 67 13.755282
26 68 14.250462
26 69 17.460766
26 70 17.078722
26 71 12.573562
26 72 16.317784
27 0 2.475318
27 1 14.924177
27 2 14.866469
27 3 9.276608
27 4 2.867004
27 5 6.660285
27 6 24.651354
27 7 23.975593
27 8 5.619213
27 9 23.140427
27 10 5.437472
27 11 13.421595
27 12 11.399518
27 13 19.882071
27 14 10.363991
27 15 7.197901
27 16 12.616821
27 17 15.934635
27 18 13.057063
27 19 14.322889
27 20 5.319779
27 21 2.256499
27 22 3.440422
27 23 18.792499
27 24 6.567216
27 25 6.672160
27 26 14.170733
27 27 0.000000
27 28 12.609888
27 29 7.326862
27 30 11.199985
27 31 17.069274
27 32 17.889881
27 33 13.854501
27 34 22.111275
27 35 18.205511
27 36 4.263171
27 37 9.113468
27 38 20.814765
27 39 5.476760
27 40 10.506369
27 41 9.316720
27 42 21.956877
27 43 22.209221
27 44 3.677095
27 45 18.867371
27 46 10.629217
27 47 8.942672
27 48 5.667857
27 49 2.430505
27 50 15.732117
27 51 5.847689
27 52 19.663705
27 53 13.526003
27 54 0.218140
27 55 4.166139
27 56 13.234115
27 57 14.006510
27 58 11.440882
27 59 24.943711
27 60 21.210456
27 61 12.408658
27 62 18.979255
27 63 14.546361
27 64 13.015575
27 65 20.517757
27 66 6.957690
27 67 15.943678
27 68 11.553682
27 69 9.841097
27 70 6.891486
27 71 4.715692
27 72 11.034119
28 0 13.193937
28 1 4.877326
28 2 7.481792
28 3 4.891939
28 4 11.612042
28 5 12.592397
28 6 12.055327
28 7 13.464667
28 8 7.837937
28 9 13.516575
28 10 7.749143
28 11 4.746661
28 12 8.450752
28 13 11.988738
28 14 2.248498
28 15 10.972070
28 16 8.382223
28 17 6.703707
28 18 7.316561
28 19 8.775835
28 20 15.032222
28 21 10.546259
28 22 9.174761
28 23 6.704486
28 24 16.957468
28 25 6.282457
28 26 9.823058
28 27 12.609888
28 28 0.000000
28 29 5.283039
28 30 4.770217
28 31 4.608732
28 32 6.041122
28 33 8.350674
28 34 12.227761
28 35 6.025196
28 36 11.215568
28 37 7.125470
28 38 9.530509
28 39 13.938850
28 40 6.165673
28 41 3.882011
28 42 9.375211
28 43 9.602094
28 44 14.972340
28 45 8.078158
28 46 3.039801
28 47 4.302381
28 48 17.487709
28 49 14.820296
28 50 6.781303
28 51 7.175243
28 52 13.268317
28 53 5.770147
28 54 12.468460
28 55 15.369024
28 56 7.460314
28 57 3.413516
28 58 2.154327
28 59 12.484734
28 60 11.135010
28 61 3.718074
28 62 6.418885
28 63 2.113936
28 64 10.212646
28 65 9.606399
28 66 7.231490
28 67 4.368987
28 68 5.096093
28 69 9.635802
28 70 10.971518
28 71 8.269683
28 72 7.667149
29 0 8.065356
29 1 8.267268
29 2 9.288694
29 3 3.362187
29 4 6.567218
29 5 8.492649
29 6 17.329687
29 7 17.529716
29 8 3.202665
29 9 17.076133
29 10 2.921739
29 11 7.054816
29 12 7.556371
29 13 14.512756
29 14 3.038550
29 15 7.284091
29 16 8.286663
29 17 9.690005
29 18 7.996840
29 19 9.599076
29 20 10.224243
29 21 5.294901
29 22 3.893329
29 23 11.632412
29 24 12.105459
29 25 1.688249
29 26 10.065771
29 27 7.326862
29 28 5.283039
29 29 0.000000
29 30 5.195498
29 31 9.781500
29 32 10.794570
29 33 9.059960
29 34 15.911517
29 35 11.013315
29 36 6.485462
29 37 5.049781
29 38 13.981253
29 39 9.319162
29 40 5.434740
29 41 2.526550
29 42 14.641091
29 43 14.883584
29 44 9.862215
29 45 12.175386
29 46 3.736039
29 47 2.363364
29 48 12.349276
29 49 9.560691
29 50 9.582289
29 51 2.346128
29 52 15.026992
29 53 7.562110
29 54 7.186442
29 55 10.289324
29 56 8.193713
29 57 7.093130
29 58 4.342618
29 59 17.677155
29 60 14.888213
29 61 5.811126
29 62 11.667440
29 63 7.249488
29 64 9.628043
29 65 13.826198
29 66 3.449831
29 67 8.884747
29 68 5.691243
29 69 7.479787
29 70 7.158051
29 71 3.220417
29 72 6.824616
30 0 12.632441
30 1 3.837468
30 2 4.093705
30 3 7.420189
30 4 11.340867
30 5 13.676519
30 6 14.662913
30 7 12.786625
30 8 8.380798
30 9 12.084055
30 10 5.767172
30 11 2.241659
30 12 3.680609
30 13 16.706085
30 14 4.313134
30 15 12.467860
30 16 3.733128
30 17 11.425114
30 18 11.353220
30 19 12.944486
30 20 15.116086
30 21 8.943559
30 22 8.036463
30 23 8.217995
30 24 16.920099
30 25 4.738030
30 26 5.365971
30 27 11.199985
30 28 4.770217
30 29 5.195498
30 30 0.000000
30 31 7.229732
30 32 7.209282
30 33 4.081255
30 34 16.965534
30 35 10.282904
30 36 11.527763
30 37 2.914285
30 38 9.702814
30 39 14.349979
30 40 1.504544
30 41 2.745821
30 42 12.664536
30 43 12.664873
30 44 14.394546
30 45 7.706136
30 46 2.108944
30 47 6.314377
30 48 16.746885
30 49 13.623865
30 50 11.473585
30 51 5.419938
30 52 17.845432
30 53 2.418750
30 54 11.132012
30 55 14.862953
30 56 11.528221
30 57 8.149245
30 58 6.006998
30 59 14.496193
30 60 10.040131
30 61 1.592258
30 62 9.168830
30 63 6.589293
30 64 5.500276
30 65 9.342837
30 66 4.333992
30 67 9.052985
30 68 8.886382
30 69 12.276388
30 70 12.349911
30 71 8.206353
30 72 10.983119
31 0 17.781567
31 1 4.312120
31 2 7.408004
31 3 9.338978
31 4 16.211406
31 5 17.106590
31 6 7.641988
31 7 9.708298
31 8 12.446665
31 9 10.302801
31 10 11.931691
31 11 5.605176
31 12 10.372778
31 13 12.787257
31 14 6.808441
31 15 15.428181
31 16 9.725811
31 17 8.127260
31 18 10.427930
31 19 11.513378
31 20 19.636927
31 21 14.927924
31 22 13.631060
31 23 2.350991
31 24 21.563262
31 25 10.511265
31 26 10.531759
31 27 17.069274
31 28 4.608732
31 29 9.781500
31 30 7.229732
31 31 0.000000
31 32 2.192455
31 33 9.032293
31 34 11.600511
31 35 4.150504
31 36 15.821355
31 37 10.130106
31 38 5.596667
31 39 18.528299
31 40 8.699050
31 41 7.876852
31 42 5.436413
31 43 5.450010
31 44 19.565999
31 45 4.878884
31 46 6.640109
31 47 8.884284
31 48 22.077005
31 49 19.341006
31 50 8.375523
31 51 11.399230
31 52 14.653706
31 53 6.497809
31 54 16.941204
31 55 19.968249
31 56 10.509108
31 57 5.726867
31 58 6.478948
31 59 7.898461
31 60 7.917704
31 61 5.639020
31 62 1.974879
31 63 3.370456
31 64 11.515860
31 65 5.973708
31 66 11.029415
31 67 4.721011
31 68 8.822411
31 69 13.723225
31 70 15.454121
31 71 12.858126
31 72 11.471142
32 0 18.859212
32 1 3.541206
32 2 6.170159
32 3 10.929150
32 4 17.350280
32 5 18.620805
32 6 7.576587
32 7 7.627574
32 8 13.710973
32 9 8.118889
32 10 12.552284
32 11 5.152006
32 12 9.766926
32 13 14.946756
32 14 8.026174
32 15 17.013042
32 16 8.897695
32 17 10.316857
32 18 12.493002
32 19 13.641123
32 20 20.918837
32 21 15.676386
32 22 14.496219
32 23 1.030228
32 24 22.829856
32 25 11.222035
32 26 9.366482
32 27 17.889881
32 28 6.041122
32 29 10.794570
32 30 7.209282
32 31 2.192455
32 32 0.000000
32 33 7.963522
32 34 13.579137
32 35 6.174098
32 36 17.110222
32 37 10.086509
32 38 3.553934
32 39 19.886867
32 40 8.532890
32 41 8.573491
32 42 6.241280
32 43 6.002779
32 44 20.656441
32 45 2.698254
32 46 7.260848
32 47 10.311133
32 48 23.136901
32 49 20.241815
32 50 10.561643
32 51 12.073202
32 52 16.839487
32 53 5.777405
32 54 17.783214
32 55 21.083459
32 56 12.585320
32 57 7.800039
32 58 8.119479
32 59 7.286923
32 60 5.727402
32 61 5.688411
32 62 2.871455
32 63 5.334188
32 64 10.553964
32 65 3.821992
32 66 11.399585
32 67 6.911361
32 68 10.729649
32 69 15.546529
32 70 17.010009
32 71 13.984918
32 72 13.386706
33 0 15.692943
33 1 4.720366
33 2 1.853876
33 3 11.500443
33 4 14.617676
33 5 17.385260
33 6 15.390797
33 7 10.864377
33 8 12.138873
33 9 9.590735
33 10 8.756782
33 11 3.748539
33 12 2.639643
33 13 20.294245
33 14 8.357409
33 15 16.322374
33 16 1.356887
33 17 15.025624
33 18 15.347651
33 19 16.913856
33 20 18.390304
33 21 11.686007
33 22 11.156423
33 23 8.948193
33 24 20.078205
33 25 8.184868
33 26 1.532629
33 27 13.854501
33 28 8.350674
33 29 9.059960
33 30 4.081255
33 31 9.032293
33 32 7.963522
33 33 0.000000
33 34 20.080206
33 35 12.876888
33 36 15.041628
33 37 4.771337
33 38 8.971998
33 39 17.793652
33 40 3.678423
33 41 6.766234
33 42 14.163742
33 43 13.962933
33 44 17.359691
33 45 6.991718
33 46 6.159364
33 47 10.389392
33 48 19.522322
33 49 16.255853
33 50 15.121300
33 51 8.614782
33 52 21.617884
33 53 2.693616
33 54 13.839509
33 55 17.847513
33 56 15.516457
33 57 11.745162
33 58 9.942276
33 59 14.712772
33 60 8.109480
33 61 4.635021
33 62 10.648917
33 63 9.733288
33 64 2.604785
33 65 8.300417
33 66 7.049993
33 67 12.230393
33 68 12.904603
33 69 16.330360
33 70 16.177472
33 71 11.783050
33 72 15.061087
34 0 21.458313
34 1 15.561495
34 2 18.719165
34 3 12.974086
34 4 19.887778
34 5 18.322999
34 6 11.781979
34 7 19.772353
34 8 16.498353
34 9 21.044884
34 10 18.832256
34 11 16.339812
34 12 20.633752
34 13 3.789839
34 14 13.592771
34 15 16.589018
34 16 20.405761
34 17 6.251893
34 18 9.251776
34 19 8.466274
34 20 21.834582
34 21 20.680327
34 22 19.187091
34 23 13.130745
34 24 23.543595
34 25 17.485496
34 26 21.611799
34 27 22.111275
34 28 12.227761
34 29 15.911517
34 30 16.965534
34 31 11.600511
34 32 13.579137
34 33 20.080206
34 34 0.000000
34 35 7.450025
34 36 18.768637
34 37 19.297134
34 38 16.077683
34 39 20.460573
34 40 18.391093
34 41 15.779111
34 42 9.218711
34 43 9.918254
34 44 22.864358
34 45 16.196048
34 46 15.228018
34 47 13.637726
34 48 25.172695
34 49 23.640259
34 50 6.411357
34 51 18.250763
34 52 6.021723
34 53 17.387752
34 54 21.909980
34 55 23.067790
34 56 9.105779
34 57 9.057015
34 58 11.774825
34 59 13.601069
34 60 18.880803
34 61 15.693368
34 62 10.923640
34 63 10.423079
34 64 22.264500
34 65 16.779708
34 66 18.939719
34 67 7.922814
34 68 10.586713
34 69 13.531116
34 70 16.813394
34 71 17.457748
34 72 11.436054
35 0 18.363603
35 1 8.227963
35 2 11.390469
35 3 9.245986
35 4 16.723671
35 5 16.656877
35 6 7.490742
35 7 13.013620
35 8 12.891673
35 9 13.985779
35 10 13.697317
35 11 9.211312
35 12 13.807005
35 13 8.905059
35 14 8.067479
35 15 14.855598
35 16 13.375744
35 17 5.056000
35 18 8.348061
35 19 8.944526
35 20 19.689326
35 21 16.293775
35 22 14.845202
35 23 5.854946
35 24 21.596826
35 25 12.231910
35 26 14.405120
35 27 18.205511
35 28 6.025196
35 29 11.013315
35 30 10.282904
35 31 4.150504
35 32 6.174098
35 33 12.876888
35 34 7.450025
35 35 0.000000
35 36 16.005310
35 37 12.975839
35 38 9.033516
35 39 18.430454
35 40 11.782208
35 41 9.907095
35 42 4.287735
35 43 4.823013
35 44 20.058738
35 45 8.841962
35 46 8.971147
35 47 9.299511
35 48 22.566077
35 49 20.239430
35 50 5.378013
35 51 13.111630
35 52 10.957425
35 53 10.219269
35 54 18.040815
35 55 20.394038
35 56 8.355934
35 57 4.424289
35 58 6.764787
35 59 8.670625
35 60 11.696534
35 61 8.814851
35 62 3.773907
35 63 3.911643
35 64 15.222257
35 65 9.626316
35 66 13.256627
35 67 2.428409
35 68 7.701458
35 69 12.480700
35 70 14.962846
35 71 13.584766
35 72 10.028307
36 0 2.720385
36 1 14.751454
36 2 15.582719
36 3 6.768345
36 4 1.401195
36 5 2.687223
36 6 23.054190
36 7 24.013211
36 8 3.399252
36 9 23.541996
36 10 6.416239
36 11 13.516326
36 12 12.991561
36 13 16.175405
36 14 9.089205
36 15 2.937516
36 16 14.018395
36 17 12.831810
36 18 9.524212
36 19 10.575205
36 20 3.817280
36 21 4.579060
36 22 4.150100
36 23 17.873199
36 24 5.741980
36 25 6.876765
36 26 15.753694
36 27 4.263171
36 28 11.215568
36 29 6.485462
36 30 11.527763
36 31 15.821355
36 32 17.110222
36 33 15.041628
36 34 18.768637
36 35 16.005310
36 36 0.000000
36 37 10.399534
36 38 20.408858
36 39 2.835148
36 40 11.380197
36 41 8.992120
36 42 20.092077
36 43 20.460323
36 44 4.143420
36 45 18.644735
36 46 10.220978
36 47 6.957452
36 48 6.595263
36 49 4.972523
36 50 12.578461
36 51 6.448495
36 52 15.713758
36 53 13.941577
36 54 4.050252
36 55 4.422262
36 56 9.679077
36 57 11.594075
36 58 9.491856
36 59 23.657097
36 60 21.371971
36 61 12.291391
36 62 17.562549
36 63 12.797799
36 64 14.919103
36 65 20.290018
36 66 8.116001
36 67 13.602210
36 68 8.580249
36 69 5.753426
36 70 2.630565
36 71 3.321937
36 72 7.363191
37 0 10.923133
37 1 6.622855
37 2 5.795928
37 3 8.166889
37 4 9.883907
37 5 12.857871
37 6 17.573281
37 7 15.070951
37 8 7.766352
37 9 14.082776
37 10 4.019345
37 11 4.978725
37 12 2.616634
37 13 18.620000
37 14 5.851748
37 15 11.980377
37 16 3.633342
37 17 13.428738
37 18 12.630418
37 19 14.257863
37 20 13.641128
37 21 6.921885
37 22 6.412060
37 23 11.104119
37 24 15.310570
37 25 3.728232
37 26 5.354161
37 27 9.113468
37 28 7.125470
37 29 5.049781
37 30 2.914285
37 31 10.130106
37 32 10.086509
37 33 4.771337
37 34 19.297134
37 35 12.975839
37 36 10.399534
37 37 0.000000
37 38 12.347292
37 39 13.096849
37 40 1.590887
37 41 3.645762
37 42 15.558945
37 43 15.572723
37 44 12.589631
37 45 10.307476
37 46 4.087005
37 47 7.031883
37 48 14.776593
37 49 11.530106
37 50 13.418812
37 51 3.956876
37 52 19.489584
37 53 4.707367
37 54 9.088974
37 55 13.076985
37 56 12.820931
37 57 10.272978
37 58 7.728308
37 59 17.367759
37 60 12.279095
37 61 4.503503
37 62 12.077730
37 63 9.143953
37 64 4.643816
37 65 11.890906
37 66 2.301420
37 67 11.493901
37 68 10.168654
37 69 12.523289
37 70 11.799226
37 71 7.241103
37 72 11.769588
38 0 21.992317
38 1 5.895633
38 2 7.156243
38 3 14.420458
38 4 20.542177
38 5 22.046568
38 6 7.159202
38 7 4.112232
38 8 17.020176
38 9 4.977922
38 10 15.388718
38 11 7.463204
38 12 11.330688
38 13 17.938147
38 14 11.391562
38 15 20.478272
38 16 10.202658
38 17 13.632619
38 18 16.011794
38 19 17.108685
38 20 24.192218
38 21 18.566003
38 22 17.505158
38 23 3.296918
38 24 26.084038
38 25 14.171061
38 26 10.042020
38 27 20.814765
38 28 9.530509
38 29 13.981253
38 30 9.702814
38 31 5.596667
38 32 3.553934
38 33 8.971998
38 34 16.077683
38 35 9.033516
38 36 20.408858
38 37 12.347292
38 38 0.000000
38 39 23.216475
38 40 10.758433
38 41 11.600439
38 42 7.408693
38 43 6.870250
38 44 23.787061
38 45 2.050092
38 46 10.295452
38 47 13.740838
38 48 26.227567
38 49 23.215009
38 50 13.900370
38 51 14.968718
38 52 19.965304
38 53 7.653958
38 54 20.728460
38 55 24.231180
38 56 16.097657
38 57 11.310367
38 58 11.642042
38 59 5.998257
38 60 2.871772
38 61 8.406204
38 62 5.266008
38 63 8.874650
38 64 11.495052
38 65 0.884470
38 66 14.036060
38 67 10.244392
38 68 14.283490
38 69 19.091852
38 70 20.461788
38 71 17.200671
38 72 16.940611
39 0 3.026436
39 1 17.583242
39 2 18.391423
39 3 9.304641
39 4 3.270620
39 5 2.199956
39 6 25.629252
39 7 26.843892
39 8 6.196744
39 9 26.376161
39 10 9.080159
39 11 16.350815
39 12 15.656769
39 13 17.526979
39 14 11.860857
39 15 3.872440
39 16 16.729005
39 17 14.829954
39 18 11.273608
39 19 12.033191
39 20 1.376304
39 21 6.715341
39 22 6.712210
39 23 20.626441
39 24 3.181013
39 25 9.668458
39 26 18.440389
39 27 5.476760
39 28 13.938850
39 29 9.319162
39 30 14.349979
39 31 18.528299
39 32 19.886867
39 33 17.793652
39 34 20.460573
39 35 18.430454
39 36 2.835148
39 37 13.096849
39 38 23.216475
39 39 0.000000
39 40 14.151511
39 41 11.827258
39 42 22.600901
39 43 23.004597
39 44 3.037666
39 45 21.468719
39 46 13.053778
39 47 9.644176
39 48 4.814914
39 49 4.796654
39 50 14.546223
39 51 9.179056
39 52 16.712587
39 53 16.766219
39 54 5.319272
39 55 2.979053
39 56 11.398779
39 57 14.007348
39 58 12.116881
39 59 26.312137
39 60 24.206659
39 61 15.126405
39 62 20.219715
39 63 15.418070
39 64 17.527543
39 65 23.111266
39 66 10.797168
39 67 16.005213
39 68 10.807726
39 69 6.951714
39 70 3.660864
39 71 6.150669
39 72 9.088471
40 0 12.169764
40 1 5.044376
40 2 4.365943
40 3 8.158703
40 4 11.012967
40 5 13.706849
40 6 16.053581
40 7 13.545999
40 8 8.466376
40 9 12.634630
40 10 5.198648
40 11 3.400474
40 12 2.396454
40 13 17.995283
40 14 5.351670
40 15 12.661213
40 16 2.864467
40 17 12.733646
40 18 12.370873
40 19 13.985768
40 20 14.797740
40 21 8.274220
40 22 7.582643
40 23 9.555648
40 24 16.530955
40 25 4.510857
40 26 4.637191
40 27 10.506369
40 28 6.165673
40 29 5.434740
40 30 1.504544
40 31 8.699050
40 32 8.532890
40 33 3.678423
40 34 18.391093
40 35 11.782208
40 36 11.380197
40 37 1.590887
40 38 10.758433
40 39 14.151511
40 40 0.000000
40 41 3.361126
40 42 14.135339
40 43 14.116867
40 44 13.883481
40 45 8.720599
40 46 3.259971
40 47 7.017264
40 48 16.142839
40 49 12.935159
40 50 12.760948
40 51 4.990219
40 52 19.035810
40 53 3.130427
40 54 10.464574
40 55 14.364666
40 56 12.553540
40 57 9.486989
40 58 7.164643
40 59 15.804357
40 60 10.759569
40 61 3.067153
40 62 10.621425
40 63 8.056886
40 64 4.399260
40 65 10.311047
40 66 3.553962
40 67 10.497103
40 68 9.887817
40 69 12.830508
40 70 12.510260
40 71 8.107919
40 72 11.780305
41 0 10.393995
41 1 5.795693
41 2 6.811420
41 3 4.802685
41 4 8.974263
41 5 11.010716
41 6 15.518080
41 7 15.049115
41 8 5.727728
41 9 14.554338
41 10 4.055261
41 11 4.529909
41 12 5.717854
41 13 14.978317
41 14 2.218686
41 15 9.744309
41 16 6.186942
41 17 9.810725
41 18 9.062050
41 19 10.685486
41 20 12.691334
41 21 7.112890
41 22 5.931407
41 23 9.479953
41 24 14.549829
41 25 2.658356
41 26 7.927829
41 27 9.316720
41 28 3.882011
41 29 2.526550
41 30 2.745821
41 31 7.876852
41 32 8.573491
41 33 6.766234
41 34 15.779111
41 35 9.907095
41 36 8.992120
41 37 3.645762
41 38 11.600439
41 39 11.827258
41 40 3.361126
41 41 0.000000
41 42 13.072382
41 43 13.220110
41 44 12.187470
41 45 9.736255
41 46 1.315957
41 47 3.665584
41 48 14.630032
41 49 11.673304
41 50 9.789142
41 51 3.532580
41 52 15.855485
41 53 5.053955
41 54 9.209879
41 55 12.634164
41 56 9.248620
41 57 6.722660
41 58 4.094802
41 59 15.675373
41 60 12.383711
41 61 3.302514
41 62 9.836162
41 63 5.995516
41 64 7.755309
41 65 11.393093
41 66 3.349539
41 67 8.133767
41 68 6.582822
41 69 9.564614
41 70 9.636373
41 71 5.690759
41 72 8.420548
42 0 22.340345
42 1 9.539213
42 2 12.399912
42 3 13.329331
42 4 20.713856
42 5 20.885854
42 6 3.228601
42 7 10.696714
42 8 16.869319
42 9 12.190585
42 10 17.079960
42 11 10.980192
42 12 15.745267
42 13 11.886159
42 14 11.604380
42 15 19.095261
42 16 15.005280
42 17 9.143254
42 18 12.604202
42 19 13.079787
42 20 23.830308
42 21 19.920124
42 22 18.533331
42 23 5.343281
42 24 25.749433
42 25 15.622928
42 26 15.595238
42 27 21.956877
42 28 9.375211
42 29 14.641091
42 30 12.664536
42 31 5.436413
42 32 6.241280
42 33 14.163742
42 34 9.218711
42 35 4.287735
42 36 20.092077
42 37 15.558945
42 38 7.408693
42 39 22.600901
42 40 14.135339
42 41 13.072382
42 42 0.000000
42 43 0.707460
42 44 24.074899
42 45 8.219474
42 46 11.918535
42 47 13.226358
42 48 26.594103
42 49 24.106214
42 50 9.478783
42 51 16.518726
42 52 14.164542
42 53 11.796143
42 54 21.807856
42 55 24.433408
42 56 12.601299
42 57 8.626659
42 58 10.652015
42 59 4.657733
42 60 10.277817
42 61 11.074810
42 62 3.554566
42 63 7.418226
42 64 16.729617
42 65 8.235977
42 66 16.337070
42 67 6.681187
42 68 11.957923
42 69 16.767629
42 70 19.190898
42 71 17.468879
42 72 14.316010
43 0 22.663405
43 1 9.402913
43 2 12.172156
43 3 13.711978
43 4 21.044289
43 5 21.325785
43 6 2.673880
43 7 10.047686
43 8 17.203612
43 9 11.585166
43 10 17.251909
43 11 10.894847
43 12 15.640987
43 13 12.590112
43 14 11.845410
43 15 19.544445
43 16 14.853847
43 17 9.757024
43 18 13.167607
43 19 13.689665
43 20 24.218119
43 21 20.142720
43 22 18.776390
43 23 5.052221
43 24 26.141313
43 25 15.803601
43 26 15.367919
43 27 22.209221
43 28 9.602094
43 29 14.883584
43 30 12.664873
43 31 5.450010
43 32 6.002779
43 33 13.962933
43 34 9.918254
43 35 4.823013
43 36 20.460323
43 37 15.572723
43 38 6.870250
43 39 23.004597
43 40 14.116867
43 41 13.220110
43 42 0.707460
43 43 0.000000
43 44 24.409995
43 45 7.808893
43 46 12.032989
43 47 13.557368
43 48 26.931004
43 49 24.389803
43 50 10.090729
43 51 16.698838
43 52 14.864794
43 53 11.667506
43 54 22.065045
43 55 24.776978
43 56 13.171190
43 57 9.079448
43 58 10.987341
43 59 3.979842
43 60 9.728655
43 61 11.072624
43 62 3.496298
43 63 7.712992
43 64 16.546227
43 65 7.715384
43 66 16.445633
43 67 7.171891
43 68 12.430078
43 69 17.276883
43 70 19.631755
43 71 17.771414
43 72 14.832925
44 0 1.797666
44 1 17.959854
44 2 18.243650
44 3 10.815920
44 4 3.367892
44 5 5.093624
44 6 26.963771
44 7 27.157971
44 8 7.206877
44 9 26.458170
44 10 8.691286
44 11 16.554943
44 12 14.977306
44 13 20.143770
44 14 12.758366
44 15 6.472390
44 16 16.163891
44 17 16.972547
44 18 13.612609
44 19 14.567437
44 20 2.103879
44 21 5.682820
44 22 6.358090
44 23 21.489927
44 24 2.900023
44 25 9.682014
44 26 17.765511
44 27 3.677095
44 28 14.972340
44 29 9.862215
44 30 14.394546
44 31 19.565999
44 32 20.656441
44 33 17.359691
44 34 22.864358
44 35 20.058738
44 36 4.143420
44 37 12.589631
44 38 23.787061
44 39 3.037666
44 40 13.883481
44 41 12.187470
44 42 24.074899
44 43 24.409995
44 44 0.000000
44 45 21.912847
44 46 13.492037
44 47 10.852853
44 48 2.521378
44 49 1.963105
44 50 16.716448
44 51 8.978427
44 52 19.496752
44 53 16.785998
44 54 3.625397
44 55 0.492717
44 56 13.759777
44 57 15.670808
44 58 13.425254
44 59 27.456405
44 60 24.430481
44 61 15.437674
44 62 21.384965
44 63 16.703663
44 64 16.655580
44 65 23.570685
44 66 10.343354
44 67 17.675441
44 68 12.718738
44 69 9.565951
44 70 6.199624
44 71 6.708249
44 72 11.431059
45 0 20.123321
45 1 3.955392
45 2 5.154230
45 3 12.909109
45 4 18.707958
45 5 20.398578
45 6 8.659820
45 7 5.421973
45 8 15.278177
45 9 5.534659
45 10 13.431990
45 11 5.464896
45 12 9.296464
45 13 17.644527
45 14 9.745969
45 15 18.889893
45 16 8.189713
45 17 12.978493
45 18 14.967143
45 19 16.191741
45 20 22.399479
45 21 16.613570
45 22 15.596257
45 23 3.087138
45 24 24.274509
45 25 12.255781
45 26 8.143137
45 27 18.867371
45 28 8.078158
45 29 12.175386
45 30 7.706136
45 31 4.878884
45 32 2.698254
45 33 6.991718
45 34 16.196048
45 35 8.841962
45 36 18.644735
45 37 10.307476
45 38 2.050092
45 39 21.468719
45 40 8.720599
45 41 9.736255
45 42 8.219474
45 43 7.808893
45 44 21.912847
45 45 0.000000
45 46 8.451172
45 47 12.140444
45 48 24.330769
45 49 21.278402
45 50 13.213692
45 51 13.031319
45 52 19.532513
45 53 5.607965
45 54 18.787704
45 55 22.364437
45 56 15.072656
45 57 10.320947
45 58 10.229832
45 59 7.768423
45 60 3.121462
45 61 6.480687
45 62 5.306858
45 63 7.811191
45 64 9.551467
45 65 1.657843
45 66 12.038757
45 67 9.579563
45 68 13.042421
45 69 17.713681
45 70 18.853424
45 71 15.393017
45 72 15.679337
46 0 11.696920
46 1 4.531332
46 2 5.895668
46 3 5.393876
46 4 10.258605
46 5 12.139593
46 6 14.278906
46 7 13.793823
46 8 6.898938
46 9 13.370205
46 10 5.326301
46 11 3.395684
46 12 5.638635
46 13 14.735724
46 14 2.205267
46 15 10.787437
46 16 5.831232
46 17 9.478694
46 18 9.245443
46 19 10.839804
46 20 13.952869
46 21 8.418430
46 22 7.247350
46 23 8.174911
46 24 15.823612
46 25 3.962531
46 26 7.474145
46 27 10.629217
46 28 3.039801
46 29 3.736039
46 30 2.108944
46 31 6.640109
46 32 7.260848
46 33 6.159364
46 34 15.228018
46 35 8.971147
46 36 10.220978
46 37 4.087005
46 38 10.295452
46 39 13.053778
46 40 3.259971
46 41 1.315957
46 42 11.918535
46 43 12.032989
46 44 13.492037
46 45 8.451172
46 46 0.000000
46 47 4.328436
46 48 15.940912
46 49 12.989014
46 50 9.501981
46 51 4.823771
46 52 15.795244
46 53 4.080386
46 54 10.523969
46 55 13.935765
46 56 9.421138
46 57 6.250042
46 58 3.928107
46 59 14.389814
46 60 11.158031
46 61 2.107661
46 62 8.610322
46 63 5.089833
46 64 7.559964
46 65 10.105725
46 66 4.418542
46 67 7.407152
46 68 6.777443
46 69 10.315759
46 70 10.701993
46 71 6.945407
46 72 8.909012
47 0 9.114154
47 1 8.481187
47 2 10.223181
47 3 1.144964
47 4 7.488535
47 5 8.311750
47 6 16.122486
47 7 17.562376
47 8 3.646246
47 9 17.393911
47 10 5.251572
47 11 7.648273
47 12 9.337471
47 13 12.150129
47 14 2.412339
47 15 6.750594
47 16 9.852525
47 17 7.392168
47 18 5.683231
47 19 7.301326
47 20 10.764604
47 21 7.179714
47 22 5.686514
47 23 11.005109
47 24 12.693148
47 25 4.042827
47 26 11.589973
47 27 8.942672
47 28 4.302381
47 29 2.363364
47 30 6.314377
47 31 8.884284
47 32 10.311133
47 33 10.389392
47 34 13.637726
47 35 9.299511
47 36 6.957452
47 37 7.031883
47 38 13.740838
47 39 9.644176
47 40 7.017264
47 41 3.665584
47 42 13.226358
47 43 13.557368
47 44 10.852853
47 45 12.140444
47 46 4.328436
47 47 0.000000
47 48 13.373701
47 49 10.940358
47 50 7.265226
47 51 4.691864
47 52 12.688172
47 53 8.404409
47 54 8.769542
47 55 11.220967
47 56 5.878742
47 57 5.070172
47 58 2.574396
47 59 16.699821
47 60 15.080912
47 61 6.346149
47 62 10.605109
47 63 5.857432
47 64 11.394669
47 65 13.736036
47 66 5.752656
47 67 7.002671
47 68 3.330501
47 69 5.987390
47 70 6.723098
47 71 4.285333
47 72 4.770855
48 0 4.295459
48 1 20.375377
48 2 20.508352
48 3 13.320446
48 4 5.889096
48 5 7.014857
48 6 29.484956
48 7 29.531367
48 8 9.727534
48 9 28.764769
48 10 10.994023
48 11 18.935656
48 12 17.057304
48 13 22.321808
48 14 15.268575
48 15 8.620814
48 16 18.281881
48 17 19.375482
48 18 15.935170
48 19 16.793516
48 20 3.466362
48 21 7.869516
48 22 8.735999
48 23 23.981630
48 24 2.525777
48 25 12.076601
48 26 19.817194
48 27 5.667857
48 28 17.487709
48 29 12.349276
48 30 16.746885
48 31 22.077005
48 32 23.136901
48 33 19.522322
48 34 25.172695
48 35 22.566077
48 36 6.595263
48 37 14.776593
48 38 26.227567
48 39 4.814914
48 40 16.142839
48 41 14.630032
48 42 26.594103
48 43 26.931004
48 44 2.521378
48 45 24.330769
48 46 15.940912
48 47 13.373701
48 48 0.000000
48 49 3.299755
48 50 19.110070
48 51 11.330275
48 52 21.526272
48 53 19.114186
48 54 5.687796
48 55 2.175083
48 56 16.073207
48 57 18.169713
48 58 15.945602
48 59 29.970209
48 60 26.785659
48 61 17.850142
48 62 23.902445
48 63 19.225036
48 64 18.619781
48 65 25.987980
48 66 12.588882
48 67 20.176209
48 68 15.170247
48 69 11.727987
48 70 8.377136
48 71 9.219533
48 72 13.744146
49 0 2.265148
49 1 17.330228
49 2 17.293245
49 3 11.107791
49 4 3.753327
49 5 6.627160
49 6 26.875466
49 7 26.403441
49 8 7.392016
49 9 25.569662
49 10 7.857603
49 11 15.840575
49 12 13.769948
49 13 21.139128
49 14 12.573019
49 15 7.720853
49 16 15.002440
49 17 17.581745
49 18 14.431963
49 19 15.538130
49 20 4.049645
49 21 4.682405
49 22 5.745810
49 23 21.127522
49 24 4.692106
49 25 9.050136
49 26 16.523029
49 27 2.430505
49 28 14.820296
49 29 9.560691
49 30 13.623865
49 31 19.341006
49 32 20.241815
49 33 16.255853
49 34 23.640259
49 35 20.239430
49 36 4.972523
49 37 11.530106
49 38 23.215009
49 39 4.796654
49 40 12.935159
49 41 11.673304
49 42 24.106214
49 43 24.389803
49 44 1.963105
49 45 21.278402
49 46 12.989014
49 47 10.940358
49 48 3.299755
49 49 0.000000
49 50 17.351120
49 51 8.248211
49 52 20.675227
49 53 15.955726
49 54 2.492351
49 55 2.338308
49 56 14.594519
49 57 15.939472
49 58 13.495374
49 59 27.233331
49 60 23.639885
49 61 14.810037
49 62 21.225317
49 63 16.688789
49 64 15.320030
49 65 22.930869
49 66 9.387869
49 67 17.916750
49 68 13.230037
49 69 10.702994
49 70 7.423794
49 71 6.656510
49 72 12.299767
50 0 15.217836
50 1 11.182144
50 2 14.120788
50 3 6.563377
50 4 13.613487
50 5 12.519739
50 6 12.703848
50 7 17.996213
50 8 10.113087
50 9 18.678210
50 10 12.500717
50 11 11.448015
50 12 15.124054
50 13 5.235414
50 14 7.571399
50 15 10.714455
50 16 15.149415
50 17 0.338326
50 18 3.398569
50 19 3.601018
50 20 15.896619
50 21 14.269009
50 22 12.775793
50 23 10.603689
50 24 17.707267
50 25 11.203703
50 26 16.602725
50 27 15.732117
50 28 6.781303
50 29 9.582289
50 30 11.473585
50 31 8.375523
50 32 10.561643
50 33 15.121300
50 34 6.411357
50 35 5.378013
50 36 12.578461
50 37 13.418812
50 38 13.900370
50 39 14.546223
50 40 12.760948
50 41 9.789142
50 42 9.478783
50 43 10.090729
50 44 16.716448
50 45 13.213692
50 46 9.501981
50 47 7.265226
50 48 19.110070
50 49 17.351120
50 50 0.000000
50 51 11.928416
50 52 6.551002
50 53 12.497065
50 54 15.533925
50 55 16.961964
50 56 3.332415
50 57 3.376302
50 58 5.694365
50 59 14.017354
50 60 16.288595
50 61 10.496534
50 62 8.867060
50 63 5.662764
50 64 16.963619
50 65 14.341042
50 66 12.758307
50 67 3.660174
50 68 4.183125
50 69 7.878000
50 70 10.895749
50 71 11.056953
50 72 5.494251
51 0 7.227386
51 1 9.082019
51 2 9.306163
51 3 5.613006
51 4 6.022901
51 5 8.908459
51 6 19.035922
51 7 18.201189
51 8 3.962451
51 9 17.481968
51 10 0.592458
51 11 7.607912
51 12 6.563855
51 13 16.836115
51 14 5.044876
51 15 8.117878
51 16 7.569902
51 17 12.035136
51 18 10.234952
51 19 11.810998
51 20 9.808492
51 21 3.608889
51 22 2.623404
51 23 12.997571
51 24 11.558330
51 25 0.895817
51 26 9.308948
51 27 5.847689
51 28 7.175243
51 29 2.346128
51 30 5.419938
51 31 11.399230
51 32 12.073202
51 33 8.614782
51 34 18.250763
51 35 13.111630
51 36 6.448495
51 37 3.956876
51 38 14.968718
51 39 9.179056
51 40 4.990219
51 41 3.532580
51 42 16.518726
51 43 16.698838
51 44 8.978427
51 45 13.031319
51 46 4.823771
51 47 4.691864
51 48 11.330275
51 49 8.248211
51 50 11.928416
51 51 0.000000
51 52 17.278861
51 53 7.807854
51 54 5.759830
51 55 9.449870
51 56 10.432208
51 57 9.371920
51 58 6.597547
51 59 19.207300
51 60 15.459956
51 61 6.562677
51 62 13.350163
51 63 9.250571
51 64 8.541378
51 65 14.684978
51 66 1.718435
51 67 11.089832
51 68 8.001092
51 69 9.078151
51 70 7.916754
51 71 3.309266
51 72 8.863357
52 0 18.410645
52 1 17.728778
52 2 20.666741
52 3 11.674354
52 4 17.030242
52 5 14.513765
52 6 17.127171
52 7 23.970924
52 8 14.404184
52 9 24.877138
52 10 17.791974
52 11 17.979193
52 12 21.428285
52 13 2.348363
52 14 13.701355
52 15 13.027905
52 16 21.564497
52 17 6.705628
52 18 7.044054
52 19 5.498134
52 20 18.064554
52 21 18.766075
52 22 17.379064
52 23 16.718277
52 24 19.533237
52 25 16.715240
52 26 23.078414
52 27 19.663705
52 28 13.268317
52 29 15.026992
52 30 17.845432
52 31 14.653706
52 32 16.839487
52 33 21.617884
52 34 6.021723
52 35 10.957425
52 36 15.713758
52 37 19.489584
52 38 19.965304
52 39 16.712587
52 40 19.035810
52 41 15.855485
52 42 14.164542
52 43 14.864794
52 44 19.496752
52 45 19.532513
52 46 15.795244
52 47 12.688172
52 48 21.526272
52 49 20.675227
52 50 6.551002
52 51 17.278861
52 52 0.000000
52 53 19.021989
52 54 19.447398
52 55 19.590396
52 56 6.846829
52 57 9.903671
52 58 11.871827
52 59 18.796554
52 60 22.533570
52 61 16.983092
52 62 14.726721
52 63 12.200227
52 64 23.343535
52 65 20.507831
52 66 18.440210
52 67 9.997465
52 68 9.378215
52 69 9.973902
52 70 13.308186
52 71 15.450978
52 72 8.714467
53 0 15.032407
53 1 2.264975
53 2 1.824635
53 3 9.447573
53 4 13.757000
53 5 16.054705
53 6 13.350669
53 7 10.456769
53 8 10.761649
53 9 9.675863
53 10 8.120225
53 11 1.059853
53 12 3.990815
53 13 17.640443
53 14 6.149244
53 15 14.794077
53 16 3.228285
53 17 12.387815
53 18 12.947326
53 19 14.473416
53 20 17.533995
53 21 11.274558
53 22 10.430430
53 23 6.804517
53 24 19.333499
53 25 7.151981
53 26 4.224151
53 27 13.526003
53 28 5.770147
53 29 7.562110
53 30 2.418750
53 31 6.497809
53 32 5.777405
53 33 2.693616
53 34 17.387752
53 35 10.219269
53 36 13.941577
53 37 4.707367
53 38 7.653958
53 39 16.766219
53 40 3.130427
53 41 5.053955
53 42 11.796143
53 43 11.667506
53 44 16.785998
53 45 5.607965
53 46 4.080386
53 47 8.404409
53 48 19.114186
53 49 15.955726
53 50 12.497065
53 51 7.807854
53 52 19.021989
53 53 0.000000
53 54 13.468985
53 55 17.257692
53 56 13.106789
53 57 9.123680
53 58 7.534354
53 59 12.918957
53 60 7.684731
53 61 2.149435
53 62 8.243898
53 63 7.046978
53 64 5.031249
53 65 7.183551
53 66 6.583850
53 67 9.539701
53 68 10.560462
53 69 14.389170
53 70 14.689633
53 71 10.619658
53 72 12.879908
54 0 2.338104
54 1 14.841045
54 2 14.827910
54 3 9.088639
54 4 2.656050
54 5 6.463784
54 6 24.514909
54 7 23.913342
54 8 5.422123
54 9 23.095788
54 10 5.365373
54 11 13.348255
54 12 11.401728
54 13 19.670643
54 14 10.221226
54 15 6.983830
54 16 12.611166
54 17 15.738038
54 18 12.847664
54 19 14.109471
54 20 5.205960
54 21 2.194821
54 22 3.310329
54 23 18.680656
54 24 6.502536
54 25 6.572753
54 26 14.179050
54 27 0.218140
54 28 12.468460
54 29 7.186442
54 30 11.132012
54 31 16.941204
54 32 17.783214
54 33 13.839509
54 34 21.909980
54 35 18.040815
54 36 4.050252
54 37 9.088974
54 38 20.728460
54 39 5.319272
54 40 10.464574
54 41 9.209879
54 42 21.807856
54 43 22.065045
54 44 3.625397
54 45 18.787704
54 46 10.523969
54 47 8.769542
54 48 5.687796
54 49 2.492351
54 50 15.533925
54 51 5.759830
54 52 19.447398
54 53 13.468985
54 54 0.000000
54 55 4.116988
54 56 13.024310
54 57 13.830052
54 58 11.276061
54 59 24.820683
54 60 21.152030
54 61 12.322505
54 62 18.846201
54 63 14.394630
54 64 13.040732
54 65 20.439628
54 66 6.912155
54 67 15.771824
54 68 11.356962
54 69 9.622960
54 70 6.677550
54 71 4.529740
54 72 10.820933
55 0 2.241174
55 1 18.412973
55 2 18.723214
55 3 11.148067
55 4 3.757090
55 5 5.116958
55 6 27.340466
55 7 27.619709
55 8 7.575775
55 9 26.931408
55 10 9.170166
55 11 17.017053
55 12 15.468768
55 13 20.291470
55 14 13.163528
55 15 6.590785
55 16 16.653985
55 17 17.223527
55 18 13.819555
55 19 14.731458
55 20 1.869083
55 21 6.173426
55 22 6.827613
55 23 21.909718
55 24 2.424350
55 25 10.144252
55 26 18.257398
55 27 4.166139
55 28 15.369024
55 29 10.289324
55 30 14.862953
55 31 19.968249
55 32 21.083459
55 33 17.847513
55 34 23.067790
55 35 20.394038
55 36 4.422262
55 37 13.076985
55 38 24.231180
55 39 2.979053
55 40 14.364666
55 41 12.634164
55 42 24.433408
55 43 24.776978
55 44 0.492717
55 45 22.364437
55 46 13.935765
55 47 11.220967
55 48 2.175083
55 49 2.338308
55 50 16.961964
55 51 9.449870
55 52 19.590396
55 53 17.257692
55 54 4.116988
55 55 0.000000
55 56 13.962375
55 57 15.995452
55 58 13.789713
55 59 27.853663
55 60 24.896147
55 61 15.892389
55 62 21.776155
55 63 17.076744
55 64 17.148292
55 65 24.022181
55 66 10.827207
55 67 18.002230
55 68 13.000670
55 69 9.698036
55 70 6.329297
55 71 7.116550
55 72 11.631920
56 0 12.384032
56 1 12.316767
56 2 14.881828
56 3 4.833702
56 4 10.844600
56 5 9.307527
56 6 15.826376
56 7 20.202750
56 8 7.737829
56 9 20.607229
56 10 10.945856
56 11 12.134706
56 12 14.943302
56 13 6.663128
56 14 7.227824
56 15 7.530867
56 16 15.250213
56 17 3.658112
56 18 0.197273
56 19 1.437608
56 20 12.766509
56 21 12.087012
56 22 10.651494
56 23 12.851775
56 24 14.525682
56 25 9.880970
56 26 16.885252
56 27 13.234115
56 28 7.460314
56 29 8.193713
56 30 11.528221
56 31 10.509108
56 32 12.585320
56 33 15.516457
56 34 9.105779
56 35 8.355934
56 36 9.679077
56 37 12.820931
56 38 16.097657
56 39 11.398779
56 40 12.553540
56 41 9.248620
56 42 12.601299
56 43 13.171190
56 44 13.759777
56 45 15.072656
56 46 9.421138
56 47 5.878742
56 48 16.073207
56 49 14.594519
56 50 3.332415
56 51 10.432208
56 52 6.846829
56 53 13.106789
56 54 13.024310
56 55 13.962375
56 56 0.000000
56 57 4.787819
56 58 5.581548
56 59 17.010734
56 60 18.194097
56 61 10.966609
56 62 11.444668
56 63 7.268306
56 64 16.941341
56 65 16.402743
56 66 11.625236
56 67 6.173625
56 68 2.667196
56 69 4.580987
56 70 7.738976
56 71 8.766494
56 72 2.330467
57 0 13.999921
57 1 7.893928
57 2 10.765836
57 3 4.859078
57 4 12.357203
57 5 12.259419
57 6 11.743395
57 7 15.414934
57 8 8.553369
57 9 15.852649
57 10 9.963408
57 11 8.077257
57 12 11.820457
57 13 8.575467
57 14 4.540394
57 15 10.469431
57 16 11.794082
57 17 3.290195
57 18 4.702073
57 19 5.872428
57 20 15.265270
57 21 12.230776
57 22 10.745009
57 23 8.074517
57 24 17.172603
57 25 8.552780
57 26 13.228795
57 27 14.006510
57 28 3.413516
57 29 7.093130
57 30 8.149245
57 31 5.726867
57 32 7.800039
57 33 11.745162
57 34 9.057015
57 35 4.424289
57 36 11.594075
57 37 10.272978
57 38 11.310367
57 39 14.007348
57 40 9.486989
57 41 6.722660
57 42 8.626659
57 43 9.079448
57 44 15.670808
57 45 10.320947
57 46 6.250042
57 47 5.070172
57 48 18.169713
57 49 15.939472
57 50 3.376302
57 51 9.371920
57 52 9.903671
57 53 9.123680
57 54 13.830052
57 55 15.995452
57 56 4.787819
57 57 0.000000
57 58 2.777660
57 59 12.672008
57 60 13.440197
57 61 7.122963
57 62 6.810103
57 63 2.514956
57 64 13.619493
57 65 11.619969
57 66 9.910736
57 67 2.008195
57 68 3.363118
57 69 8.279778
57 70 10.564434
57 71 9.317021
57 72 5.895446
58 0 11.688546
58 1 6.957041
58 2 9.324409
58 3 2.860360
58 4 10.062254
58 5 10.630241
58 6 13.564478
58 7 15.606673
58 8 6.218467
58 9 15.669222
58 10 7.189530
58 11 6.583556
58 12 9.556461
58 13 10.893652
58 14 1.877394
58 15 8.951625
58 16 9.740021
58 17 5.719474
58 18 5.417807
58 19 6.971641
58 20 13.280026
58 21 9.561482
58 22 8.096133
58 23 8.706503
58 24 15.208582
58 25 5.775120
58 26 11.332869
58 27 11.440882
58 28 2.154327
58 29 4.342618
58 30 6.006998
58 31 6.478948
58 32 8.119479
58 33 9.942276
58 34 11.774825
58 35 6.764787
58 36 9.491856
58 37 7.728308
58 38 11.642042
58 39 12.116881
58 40 7.164643
58 41 4.094802
58 42 10.652015
58 43 10.987341
58 44 13.425254
58 45 10.229832
58 46 3.928107
58 47 2.574396
58 48 15.945602
58 49 13.495374
58 50 5.694365
58 51 6.597547
58 52 11.871827
58 53 7.534354
58 54 11.276061
58 55 13.789713
58 56 5.581548
58 57 2.777660
58 58 0.000000
58 59 14.195283
58 60 13.289233
58 61 5.389110
58 62 8.104228
58 63 3.307193
58 64 11.487249
58 65 11.746136
58 66 7.164922
58 67 4.550538
58 68 3.042540
58 69 7.484233
58 70 8.975177
58 71 6.839927
58 72 5.537030
59 0 25.675243
59 1 10.769972
59 2 12.859829
59 3 17.026025
59 4 24.096746
59 5 24.765864
59 6 1.916335
59 7 7.590016
59 8 20.307216
59 9 9.532631
59 10 19.716098
59 11 12.407795
59 12 16.848308
59 13 16.498360
59 14 14.703819
59 15 23.023965
59 16 15.838905
59 17 13.687173
59 18 16.993031
59 19 17.605677
59 20 27.462597
59 21 22.776564
59 22 21.510920
59 23 6.284574
59 24 29.391511
59 25 18.331676
59 26 15.910180
59 27 24.943711
59 28 12.484734
59 29 17.677155
59 30 14.496193
59 31 7.898461
59 32 7.286923
59 33 14.712772
59 34 13.601069
59 35 8.670625
59 36 23.657097
59 37 17.367759
59 38 5.998257
59 39 26.312137
59 40 15.804357
59 41 15.675373
59 42 4.657733
59 43 3.979842
59 44 27.456405
59 45 7.768423
59 46 14.389814
59 47 16.699821
59 48 29.970209
59 49 27.233331
59 50 14.017354
59 51 19.207300
59 52 18.796554
59 53 12.918957
59 54 24.820683
59 55 27.853663
59 56 17.010734
59 57 12.672008
59 58 14.195283
59 59 0.000000
59 60 8.361285
59 61 12.966065
59 62 6.095256
59 63 10.898906
59 64 17.297839
59 65 6.848957
59 66 18.651955
59 67 10.889869
59 68 16.030513
59 69 20.948673
59 70 23.083825
59 71 20.750705
59 72 18.537385
60 0 22.661097
60 1 6.647953
60 2 6.547228
60 3 15.906235
60 4 21.321987
60 5 23.257334
60 6 9.780608
60 7 2.793649
60 8 18.054440
60 9 2.413219
60 10 15.796201
60 11 7.889428
60 12 10.707231
60 13 20.580761
60 14 12.670008
60 15 21.808006
60 16 9.454485
60 17 16.044174
60 18 18.088307
60 19 19.309434
60 20 25.067300
60 21 18.958093
60 22 18.073573
60 23 5.843056
60 24 26.907794
60 25 14.753930
60 26 8.808092
60 27 21.210456
60 28 11.135010
60 29 14.888213
60 30 10.040131
60 31 7.917704
60 32 5.727402
60 33 8.109480
60 34 18.880803
60 35 11.696534
60 36 21.371971
60 37 12.279095
60 38 2.871772
60 39 24.206659
60 40 10.759569
60 41 12.383711
60 42 10.277817
60 43 9.728655
60 44 24.430481
60 45 3.121462
60 46 11.158031
60 47 15.080912
60 48 26.785659
60 49 23.639885
60 50 16.288595
60 51 15.459956
60 52 22.533570
60 53 7.684731
60 54 21.152030
60 55 24.896147
60 56 18.194097
60 57 13.440197
60 58 13.289233
60 59 8.361285
60 60 0.000000
60 61 9.081597
60 62 7.984180
60 63 10.931959
60 64 10.355456
60 65 2.101805
60 66 14.265940
60 67 12.638367
60 68 16.143412
60 69 20.762895
60 70 21.754600
60 71 18.074135
60 72 18.771314
61 0 13.651369
61 1 2.525342
61 2 3.960740
61 3 7.353333
61 4 12.263648
61 5 14.245986
61 6 13.086567
61 7 11.751470
61 8 8.994811
61 9 11.269830
61 10 6.987584
61 11 1.303265
61 12 4.999394
61 13 15.690078
61 14 4.029170
61 15 12.890940
61 16 4.724943
61 17 10.410415
61 18 10.805324
61 19 12.341311
61 20 15.992112
61 21 10.161140
61 22 9.115688
61 23 6.681510
61 24 17.844891
61 25 5.775510
61 26 6.106192
61 27 12.408658
61 28 3.718074
61 29 5.811126
61 30 1.592258
61 31 5.639020
61 32 5.688411
61 33 4.635021
61 34 15.693368
61 35 8.814851
61 36 12.291391
61 37 4.503503
61 38 8.406204
61 39 15.126405
61 40 3.067153
61 41 3.302514
61 42 11.074810
61 43 11.072624
61 44 15.437674
61 45 6.480687
61 46 2.107661
61 47 6.346149
61 48 17.850142
61 49 14.810037
61 50 10.496534
61 51 6.562677
61 52 16.983092
61 53 2.149435
61 54 12.322505
61 55 15.892389
61 56 10.966609
61 57 7.122963
61 58 5.389110
61 59 12.966065
61 60 9.081597
61 61 0.000000
61 62 7.576621
61 63 5.270290
61 64 6.578984
61 65 8.137845
61 66 5.724525
61 67 7.774257
61 68 8.411436
61 69 12.310009
61 70 12.808158
61 71 8.993273
61 72 10.741823
62 0 19.610308
62 1 5.991221
62 2 8.919163
62 3 10.944835
62 4 18.020818
62 5 18.701895
62 6 5.686446
62 7 9.246609
62 8 14.218742
62 9 10.232476
62 10 13.888401
62 11 7.427870
62 12 12.191032
62 13 12.674465
62 14 8.657489
62 15 16.978605
62 16 11.458171
62 17 8.573493
62 18 11.392888
62 19 12.276622
62 20 21.367349
62 21 16.858075
62 22 15.538869
62 23 2.220399
62 24 23.296271
62 25 12.459370
62 26 12.104150
62 27 18.979255
62 28 6.418885
62 29 11.667440
62 30 9.168830
62 31 1.974879
62 32 2.871455
62 33 10.648917
62 34 10.923640
62 35 3.773907
62 36 17.562549
62 37 12.077730
62 38 5.266008
62 39 20.219715
62 40 10.621425
62 41 9.836162
62 42 3.554566
62 43 3.496298
62 44 21.384965
62 45 5.306858
62 46 8.610322
62 47 10.605109
62 48 23.902445
62 49 21.225317
62 50 8.867060
62 51 13.350163
62 52 14.726721
62 53 8.243898
62 54 18.846201
62 55 21.776155
62 56 11.444668
62 57 6.810103
62 58 8.104228
62 59 6.095256
62 60 7.984180
62 61 7.576621
62 62 0.000000
62 63 4.820583
62 64 13.197802
62 65 5.893168
62 66 13.003992
62 67 5.307357
62 68 10.109036
62 69 15.050729
62 70 17.027286
62 71 14.687133
62 72 12.700277
63 0 14.951963
63 1 5.532820
63 2 8.552566
63 3 6.127486
63 4 13.336423
63 5 13.881378
63 6 10.265056
63 7 12.961731
63 8 9.500971
63 9 13.345030
63 10 9.830598
63 11 5.987589
63 12 10.229995
63 13 10.649812
63 14 4.232972
63 15 12.162638
63 16 9.986502
63 17 5.494620
63 18 7.169109
63 19 8.386770
63 20 16.587088
63 21 12.543067
63 22 11.133108
63 23 5.708448
63 24 18.515551
63 25 8.362658
63 26 11.255053
63 27 14.546361
63 28 2.113936
63 29 7.249488
63 30 6.589293
63 31 3.370456
63 32 5.334188
63 33 9.733288
63 34 10.423079
63 35 3.911643
63 36 12.797799
63 37 9.143953
63 38 8.874650
63 39 15.418070
63 40 8.056886
63 41 5.995516
63 42 7.418226
63 43 7.712992
63 44 16.703663
63 45 7.811191
63 46 5.089833
63 47 5.857432
63 48 19.225036
63 49 16.688789
63 50 5.662764
63 51 9.250571
63 52 12.200227
63 53 7.046978
63 54 14.394630
63 55 17.076744
63 56 7.268306
63 57 2.514956
63 58 3.307193
63 59 10.898906
63 60 10.931959
63 61 5.270290
63 62 4.820583
63 63 0.000000
63 64 11.844218
63 65 9.141000
63 66 9.345054
63 67 2.508108
63 68 5.452582
63 69 10.356803
63 70 12.207942
63 71 10.059391
63 72 8.103868
64 0 15.113855
64 1 7.220686
64 2 4.452817
64 3 12.538972
64 4 14.267128
64 5 17.443589
64 6 17.995352
64 7 13.024505
64 8 12.407984
64 9 11.519864
64 10 8.505098
64 11 6.011876
64 12 2.073449
64 13 22.190762
64 14 9.720593
64 15 16.618894
64 16 1.859248
64 17 16.905518
64 18 16.760287
64 19 18.370478
64 20 17.939809
64 21 11.016717
64 22 10.819791
64 23 11.545686
64 24 19.486965
64 25 8.371948
64 26 1.556358
64 27 13.015575
64 28 10.212646
64 29 9.628043
64 30 5.500276
64 31 11.515860
64 32 10.553964
64 33 2.604785
64 34 22.264500
64 35 15.222257
64 36 14.919103
64 37 4.643816
64 38 11.495052
64 39 17.527543
64 40 4.399260
64 41 7.755309
64 42 16.729617
64 43 16.546227
64 44 16.655580
64 45 9.551467
64 46 7.559964
64 47 11.394669
64 48 18.619781
64 49 15.320030
64 50 16.963619
64 51 8.541378
64 52 23.343535
64 53 5.031249
64 54 13.040732
64 55 17.148292
64 56 16.941341
64 57 13.619493
64 58 11.487249
64 59 17.297839
64 60 10.355456
64 61 6.578984
64 62 13.197802
64 63 11.844218
64 64 0.000000
64 65 10.783142
64 66 6.829493
64 67 14.350896
64 68 14.278302
64 69 17.103175
64 70 16.433130
64 71 11.848793
64 72 16.164456
65 0 21.781079
65 1 5.612741
65 2 6.519064
65 3 14.472119
65 4 20.363618
65 5 22.014963
65 6 8.042083
65 7 3.861362
65 8 16.917759
65 9 4.369486
65 10 15.081164
65 11 7.104487
65 12 10.728867
65 13 18.523973
65 14 11.353899
65 15 20.486311
65 16 9.565313
65 17 14.084974
65 18 16.307879
65 19 17.462596
65 20 24.050383
65 21 18.263079
65 22 17.253085
65 23 3.790030
65 24 25.927941
65 25 13.912458
65 26 9.304611
65 27 20.517757
65 28 9.606399
65 29 13.826198
65 30 9.342837
65 31 5.973708
65 32 3.821992
65 33 8.300417
65 34 16.779708
65 35 9.626316
65 36 20.290018
65 37 11.890906
65 38 0.884470
65 39 23.111266
65 40 10.311047
65 41 11.393093
65 42 8.235977
65 43 7.715384
65 44 23.570685
65 45 1.657843
65 46 10.105725
65 47 13.736036
65 48 25.987980
65 49 22.930869
65 50 14.341042
65 51 14.684978
65 52 20.507831
65 53 7.183551
65 54 20.439628
65 55 24.022181
65 56 16.402743
65 57 11.619969
65 58 11.746136
65 59 6.848957
65 60 2.101805
65 61 8.137845
65 62 5.893168
65 63 9.141000
65 64 10.783142
65 65 0.000000
65 66 13.671036
65 67 10.681297
65 68 14.483008
65 69 19.225141
65 70 20.456595
65 71 17.045013
65 72 17.133841
66 0 8.650597
66 1 8.156769
66 2 7.919615
66 3 6.804300
66 4 7.582998
66 5 10.614430
66 6 18.648071
66 7 17.040620
66 8 5.659654
66 9 16.183848
66 10 1.717993
66 11 6.575481
66 12 4.875562
66 13 17.823201
66 14 5.382305
66 15 9.833656
66 16 5.934733
66 17 12.824997
66 18 11.428952
66 19 13.038926
66 20 11.344576
66 21 4.720505
66 22 4.112348
66 23 12.375311
66 24 13.030672
66 25 1.803577
66 26 7.645835
66 27 6.957690
66 28 7.231490
66 29 3.449831
66 30 4.333992
66 31 11.029415
66 32 11.399585
66 33 7.049993
66 34 18.939719
66 35 13.256627
66 36 8.116001
66 37 2.301420
66 38 14.036060
66 39 10.797168
66 40 3.553962
66 41 3.349539
66 42 16.337070
66 43 16.445633
66 44 10.343354
66 45 12.038757
66 46 4.418542
66 47 5.752656
66 48 12.588882
66 49 9.387869
66 50 12.758307
66 51 1.718435
66 52 18.440210
66 53 6.583850
66 54 6.912155
66 55 10.827207
66 56 11.625236
66 57 9.910736
66 58 7.164922
66 59 18.651955
66 60 14.265940
66 61 5.724525
66 62 13.003992
66 63 9.345054
66 64 6.829493
66 65 13.671036
66 66 0.000000
66 67 11.441737
66 68 9.069661
66 69 10.677586
66 70 9.634454
66 71 5.026855
66 72 10.255085
67 0 15.997872
67 1 7.903794
67 2 10.994351
67 3 6.860484
67 4 14.355598
67 5 14.229481
67 6 9.845371
67 7 14.345528
67 8 10.540491
67 9 15.022774
67 10 11.681767
67 11 8.482074
67 12 12.713787
67 13 8.279486
67 14 6.089482
67 15 12.429797
67 16 12.493694
67 17 3.406363
67 18 6.137447
67 19 6.970072
67 20 17.269081
67 21 14.107873
67 22 12.635496
67 23 6.947517
67 24 19.173823
67 25 10.236001
67 26 13.755282
67 27 15.943678
67 28 4.368987
67 29 8.884747
67 30 9.052985
67 31 4.721011
67 32 6.911361
67 33 12.230393
67 34 7.922814
67 35 2.428409
67 36 13.602210
67 37 11.493901
67 38 10.244392
67 39 16.005213
67 40 10.497103
67 41 8.133767
67 42 6.681187
67 43 7.171891
67 44 17.675441
67 45 9.579563
67 46 7.407152
67 47 7.002671
67 48 20.176209
67 49 17.916750
67 50 3.660174
67 51 11.089832
67 52 9.997465
67 53 9.539701
67 54 15.771824
67 55 18.002230
67 56 6.173625
67 57 2.008195
67 58 4.550538
67 59 10.889869
67 60 12.638367
67 61 7.774257
67 62 5.307357
67 63 2.508108
67 64 14.350896
67 65 10.681297
67 66 11.441737
67 67 0.000000
67 68 5.279804
67 69 10.106413
67 70 12.535210
67 71 11.277138
67 72 7.668617
68 0 11.145989
68 1 9.965128
68 2 12.359428
68 3 2.435348
68 4 9.519733
68 5 8.964210
68 6 15.098439
68 7 18.335073
68 8 5.934840
68 9 18.544266
68 10 8.546483
68 11 9.622755
68 12 12.276543
68 13 8.837725
68 14 4.575780
68 15 7.157133
68 16 12.598938
68 17 4.381077
68 18 2.483153
68 19 4.103017
68 20 12.108481
68 21 10.102128
68 22 8.614374
68 23 11.159624
68 24 13.987903
68 25 7.373296
68 26 14.250462
68 27 11.553682
68 28 5.096093
68 29 5.691243
68 30 8.886382
68 31 8.822411
68 32 10.729649
68 33 12.904603
68 34 10.586713
68 35 7.701458
68 36 8.580249
68 37 10.168654
68 38 14.283490
68 39 10.807726
68 40 9.887817
68 41 6.582822
68 42 11.957923
68 43 12.430078
68 44 12.718738
68 45 13.042421
68 46 6.777443
68 47 3.330501
68 48 15.170247
68 49 13.230037
68 50 4.183125
68 51 8.001092
68 52 9.378215
68 53 10.560462
68 54 11.356962
68 55 13.000670
68 56 2.667196
68 57 3.363118
68 58 3.042540
68 59 16.030513
68 60 16.143412
68 61 8.411436
68 62 10.109036
68 63 5.452582
68 64 14.278302
68 65 14.483008
68 66 9.069661
68 67 5.279804
68 68 0.000000
68 69 4.941699
68 70 7.273234
68 71 6.873957
68 72 2.657436
69 0 8.437958
69 1 14.302777
69 2 16.209571
69 3 4.960229
69 4 7.100793
69 5 4.792990
69 6 19.950734
69 7 23.086459
69 8 5.281308
69 9 23.131031
69 10 9.416623
69 11 13.606663
69 12 15.030033
69 13 10.597186
69 14 8.296731
69 15 3.110163
69 16 15.694582
69 17 8.190866
69 18 4.488712
69 19 5.082954
69 20 8.328001
69 21 9.338924
69 22 8.165461
69 23 16.041920
69 24 10.012563
69 25 8.904656
69 26 17.460766
69 27 9.841097
69 28 9.635802
69 29 7.479787
69 30 12.276388
69 31 13.723225
69 32 15.546529
69 33 16.330360
69 34 13.531116
69 35 12.480700
69 36 5.753426
69 37 12.523289
69 38 19.091852
69 39 6.951714
69 40 12.830508
69 41 9.564614
69 42 16.767629
69 43 17.276883
69 44 9.565951
69 45 17.713681
69 46 10.315759
69 47 5.987390
69 48 11.727987
69 49 10.702994
69 50 7.878000
69 51 9.078151
69 52 9.973902
69 53 14.389170
69 54 9.622960
69 55 9.698036
69 56 4.580987
69 57 8.279778
69 58 7.484233
69 59 20.948673
69 60 20.762895
69 61 12.310009
69 62 15.050729
69 63 10.356803
69 64 17.103175
69 65 19.225141
69 66 10.677586
69 67 10.106413
69 68 4.941699
69 69 0.000000
69 70 3.369339
69 71 6.258045
69 72 2.460580
70 0 5.168566
70 1 15.116470
70 2 16.439839
70 3 6.115635
70 4 4.031630
70 5 1.694990
70 6 22.283897
70 7 24.274579
70 8 4.049563
70 9 24.031127
70 10 8.058986
70 11 14.096267
70 12 14.413403
70 13 13.962833
70 14 9.107521
70 15 0.307152
70 16 15.303706
70 17 11.183766
70 18 7.612855
70 19 8.416641
70 20 5.027641
70 21 6.946198
70 22 6.148586
70 23 17.660190
70 24 6.811518
70 25 8.083341
70 26 17.078722
70 27 6.891486
70 28 10.971518
70 29 7.158051
70 30 12.349911
70 31 15.454121
70 32 17.010009
70 33 16.177472
70 34 16.813394
70 35 14.962846
70 36 2.630565
70 37 11.799226
70 38 20.461788
70 39 3.660864
70 40 12.510260
70 41 9.636373
70 42 19.190898
70 43 19.631755
70 44 6.199624
70 45 18.853424
70 46 10.701993
70 47 6.723098
70 48 8.377136
70 49 7.423794
70 50 10.895749
70 51 7.916754
70 52 13.308186
70 53 14.689633
70 54 6.677550
70 55 6.329297
70 56 7.738976
70 57 10.564434
70 58 8.975177
70 59 23.083825
70 60 21.754600
70 61 12.808158
70 62 17.027286
70 63 12.207942
70 64 16.433130
70 65 20.456595
70 66 9.634454
70 67 12.535210
70 68 7.273234
70 69 3.369339
70 70 0.000000
70 71 4.621767
70 72 5.427926
71 0 4.924644
71 1 11.474285
71 2 12.267628
71 3 4.561576
71 4 3.367304
71 5 5.621865
71 6 20.293285
71 7 20.735081
71 8 1.048532
71 9 20.227907
71 10 3.439665
71 11 10.204527
71 12 9.856573
71 13 15.423366
71 14 6.050144
71 15 4.836384
71 16 10.814683
71 17 11.247694
71 18 8.579032
71 19 9.981696
71 20 7.007480
71 21 3.323446
71 22 1.949565
71 23 14.797691
71 24 8.885044
71 25 3.598204
71 26 12.573562
71 27 4.715692
71 28 8.269683
71 29 3.220417
71 30 8.206353
71 31 12.858126
71 32 13.984918
71 33 11.783050
71 34 17.457748
71 35 13.584766
71 36 3.321937
71 37 7.241103
71 38 17.200671
71 39 6.150669
71 40 8.107919
71 41 5.690759
71 42 17.468879
71 43 17.771414
71 44 6.708249
71 45 15.393017
71 46 6.945407
71 47 4.285333
71 48 9.219533
71 49 6.656510
71 50 11.056953
71 51 3.309266
71 52 15.450978
71 53 10.619658
71 54 4.529740
71 55 7.116550
71 56 8.766494
71 57 9.317021
71 58 6.839927
71 59 20.750705
71 60 18.074135
71 61 8.993273
71 62 14.687133
71 63 10.059391
71 64 11.848793
71 65 17.045013
71 66 5.026855
71 67 11.277138
71 68 6.873957
71 69 6.258045
71 70 4.621767
71 71 0.000000
71 72 6.739484
72 0 10.075577
72 1 12.491196
72 2 14.700567
72 3 3.625973
72 4 8.558576
72 5 7.029213
72 6 17.506620
72 7 20.988294
72 8 5.691640
72 9 21.166128
72 10 9.318769
72 11 12.002583
72 12 14.108326
72 13 8.863938
72 14 6.739971
72 15 5.232228
72 16 14.598972
72 17 5.794762
72 18 2.191589
72 19 3.289270
72 20 10.451652
72 21 10.051704
72 22 8.675211
72 23 13.812281
72 24 12.231889
72 25 8.455954
72 26 16.317784
72 27 11.034119
72 28 7.667149
72 29 6.824616
72 30 10.983119
72 31 11.471142
72 32 13.386706
72 33 15.061087
72 34 11.436054
72 35 10.028307
72 36 7.363191
72 37 11.769588
72 38 16.940611
72 39 9.088471
72 40 11.780305
72 41 8.420548
72 42 14.316010
72 43 14.832925
72 44 11.431059
72 45 15.679337
72 46 8.909012
72 47 4.770855
72 48 13.744146
72 49 12.299767
72 50 5.494251
72 51 8.863357
72 52 8.714467
72 53 12.879908
72 54 10.820933
72 55 11.631920
72 56 2.330467
72 57 5.895446
72 58 5.537030
72 59 18.537385
72 60 18.771314
72 61 10.741823
72 62 12.700277
72 63 8.103868
72 64 16.164456
72 65 17.133841
72 66 10.255085
72 67 7.668617
72 68 2.657436
72 69 2.460580
72 70 5.427926
72 71 6.739484
72 72 0.000000
