15197954.7583,15575100.0,15650574.7583,15054000.0,15932394.7583,15106110.0,17213394.7583,14764500.0,17409814.7583,13988640.0,18127173.7158,12691680.0,19049493.7158,11991090.0,r
17409814.7583,13965480.0,16965734.7583,13537020.0,r
18110093.7158,12688900.9131,18033233.7158,12642580.9131,17981993.7158,12312550.9131,18477313.7158,11756710.2063,r
17420575.2417,14087937.9346,18325814.1992,14058987.9346,18974854.1992,14122677.9346,19538494.1992,14105307.9346,19828854.1992,14226897.9346,20272934.1992,14284797.9346,20836574.1992,14307957.9346,22322534.1992,14840637.9346,22988654.1992,15182247.9346,23355874.1992,15274887.9346,23714554.1992,15234357.9346,24218414.1992,14921697.9346,24466074.1992,14840637.9346,24893074.1992,14898537.9346,25337154.1992,15043287.9346,26020354.1992,15147507.9346,26268014.1992,15286467.9346,26686474.1992,15321207.9346,26797494.1992,15367527.9346,27002454.1992,15379107.9346,27625874.1992,15691767.9346,b
15684734.7583,15036630.0,17076754.7583,13936530.0,g
16965734.7583,13522660.9131,18007613.7158,12318340.9131,g
17231243.0664,14781638.1738,17444743.0664,14810588.1738,17641163.0664,14914808.1738,17803423.0664,14885858.1738,18247503.0664,15123248.1738,18563483.0664,15030608.1738,18896543.0664,15100088.1738,19400403.0664,15401168.1738,19494343.0664,15626978.1738,19784703.0664,15644348.1738,20023823.0664,15534338.1738,20425203.0664,15626978.1738,20707023.0664,16159658.1738,20980303.0664,15968588.1738,21518323.0664,16327568.1738,21603723.0664,16779188.1738,22073423.0664,16906568.1738,22423563.0664,17630318.1738,23038443.0664,18371438.1738,b
17291023.0664,14677707.9565,17513063.0664,14695077.9565,17777803.0664,14764557.9565,g
18281663.0664,15111957.9565,18324363.0664,14278197.9565,g
18973403.0664,15117747.9565,19280843.0664,14249247.9565,g
19408943.0664,15389877.9565,19750543.0664,14226087.9565,g
20015283.0664,15546207.9565,20425203.0664,14353467.9565,g
20391043.0664,15633057.9565,21236503.0664,14532957.9565,g
20988843.0664,15963087.9565,21996563.0664,14793507.9565,g
21501243.0664,16297402.5,22884723.0664,15695242.5,g
22081963.0664,16911142.5,23345883.0664,16557952.5,23994923.0664,16540582.5,g
22244223.0664,17246962.5,23969303.0664,17270122.5,25626063.0664,17084842.5,g
23038443.0664,18364432.5,24720823.0664,18011242.5,g
17796334.1992,14063446.3477,18026914.1992,13582876.3477,g
23757254.1992,15281083.6304,25926414.1992,16004833.6304,g
18351434.1992,14034496.3477,18436834.1992,13953436.3477,18231874.1992,12864916.3477,g
18966314.1992,14103976.3477,19137114.1992,14011336.3477,19034634.1992,13084936.3477,g
19538494.1992,14115556.3477,19606814.1992,14028706.3477,19726374.1992,12725956.3477,g
20281474.1992,14283466.3477,20392494.1992,14138716.3477,20520594.1992,12778066.3477,g
20879274.1992,14329786.3477,20990294.1992,14271886.3477,21297734.1992,12992296.3477,g
21630794.1992,14625076.3477,21716194.1992,14503486.3477,22040714.1992,13206526.3477,g
22493334.1992,14914576.3477,22894714.1992,13791316.3477,22997194.1992,12668056.3477,g
22518954.1992,15006926.5649,23210694.1992,15788576.5649,23671854.1992,15915956.5649,24047614.1992,16460216.5649,g
23876814.1992,16228616.5649,26413194.1992,16518116.5649,g
22988654.1992,15151966.3477,23150914.1992,15076696.3477,23740174.1992,13073356.3477,g
24525854.1992,14845096.3477,24611254.1992,14057656.3477,24619794.1992,13930276.3477,24688114.1992,13872376.3477,24790594.1992,13322326.3477,g
25490874.1992,15111436.3477,25798314.1992,15476206.3477,25977654.1992,15458836.3477,26071594.1992,15563056.3477,27514854.1992,15881506.3477,g
26097214.1992,15163546.3477,26165534.1992,14434006.3477,g
19077334.1992,11979625.9131,19427474.1992,11933305.9131,20349794.1992,12269125.9131,21246494.1992,12072265.9131,21511234.1992,12037525.9131,21741814.1992,11898565.9131,22006554.1992,11753815.2063,22331074.1992,11661175.2063,23261934.1992,11852245.2063,23876814.1992,11638015.2063,24560014.1992,11209555.2063,26216774.1992,10705825.9131,26823114.1992,10358425.9131,b
19453094.1992,11927515.9131,20776794.1992,11273245.2063,g
20050894.1992,12153325.9131,21237954.1992,11678545.2063,g
21724734.1992,11892775.9131,21032994.1992,10792675.2063,g
21699114.1992,11948648.8477,22288374.1992,12440798.8477,g
22356694.1992,11666965.2063,22783694.1992,11313775.2063,22407934.1992,10063135.9131,g
22425014.1992,11711258.8477,23125294.1992,12186038.8477,23620614.1992,12087608.8477,g
23654774.1992,11690125.2063,23876814.1992,11539585.2063,23774334.1992,9704155.91309,g
23919514.1992,11655096.1304,24124474.1992,12865206.1304,g
24713734.1992,11157445.2063,24867454.1992,10977955.2063,24261114.1992,9194635.91309,g
24730814.1992,11188132.489,24952854.1992,11830822.489,g
25687294.1992,10875762.2717,25627514.1992,10262022.2717,25268834.1992,8878212.27173,g
25704374.1992,10906448.8477,26840194.1992,12875048.8477,g
26814574.1992,10332428.1628,26208234.1992,7118978.86963,g
26831654.1992,10352577.9565,27224494.1992,10132557.9565,g
26840194.1992,10381527.9565,26917054.1992,10804197.9565,27702734.1992,10752087.9565,g
19085874.1992,11984546.5649,19231054.1992,11260797.2717,20981754.1992,9193767.27173,20990294.1992,9190293.41309,23108214.1992,7071153.41309,b
19137114.1992,11698810.2063,20392494.1992,11119810.2063,20486434.1992,10917160.2063,g
19401854.1992,11085070.2063,19692214.1992,11061910.2063,20144834.1992,10697140.9131,g
19794694.1992,10618107.2717,20102134.1992,10565997.2717,20699934.1992,10936557.2717,g
20255854.1992,10647057.2717,21272114.1992,9703287.27173,g
19760534.1992,10643293.6304,19743454.1992,10371163.6304,19606814.1992,10243783.6304,20298554.1992,8668903.63037,g
20691394.1992,9553036.34766,20682854.1992,9437236.34766,20819494.1992,9095626.34766,20836574.1992,9037726.34766,20691394.1992,8898766.34766,20665774.1992,8794546.34766,19922794.1992,8285026.34766,19939874.1992,8209756.34766,g
20879274.1992,9385126.34766,21229414.1992,9327226.34766,21664954.1992,9715156.34766,g
21656414.1992,8493466.34766,20810954.1992,7804456.34766,g
21673494.1992,8528206.34766,22860554.1992,9622516.34766,g
21972394.1992,8132749.77173,22134654.1992,7420579.77173,21630794.1992,5793589.77173,g
22296914.1992,7831669.77173,22570194.1992,7947469.77173,23526674.1992,8561209.77173,g
23125294.1992,7057836.13037,24893074.1992,5697186.13037,g
23125294.1992,7069416.13037,24619794.1992,7839486.13037,26182614.1992,7121526.13037,g
23646234.1992,7335756.13037,25191974.1992,6351456.13037,g
24209874.1992,7613676.13037,25661674.1992,6739386.13037,g
15063364.2749,15519631.3477,15225624.2749,15299611.3477,15268324.2749,14471641.3477,16352904.2749,13371541.3477,16515164.2749,12265651.3477,16506624.2749,12266230.9131,17053184.2749,11351410.2063,17121504.2749,10216570.9131,16865304.2749,9417550.91309,17070264.2749,8983300.91309,b
15686784.2749,13998888.4131,15379344.2749,13275138.4131,g
16147944.2749,13555084.0649,15806344.2749,13196104.0649,16113784.2749,12258124.0649,g
16515164.2749,12354818.1958,16942164.2749,12563258.1958,g
16703044.2749,11930410.9131,16609104.2749,11820400.2063,16677424.2749,11444050.2063,17027564.2749,10702930.9131,g
16728664.2749,11980493.8477,17386244.2749,12414743.8477,g
17078804.2749,11351410.2063,17719303.2324,11756710.2063,19136943.2324,10720300.9131,g
17104424.2749,11243427.2717,18095063.2324,10091217.2717,g
17873023.2324,10357557.2717,18214623.2324,10560207.2717,g
17873023.2324,10340187.2717,17770543.2324,10288077.2717,18248783.2324,9159027.27173,g
16976324.2749,9799979.98901,16839684.2749,9742079.98901,16318744.2749,9776819.98901,16028384.2749,9632069.98901,16036924.2749,8867789.98901,16002764.2749,8757779.98901,15985684.2749,8201939.98901,g
17001944.2749,9817349.98901,17787623.2324,9742079.98901,g
17061724.2749,8995169.98901,16387064.2749,8149829.98901,g
17095884.2749,8991406.34766,17531423.2324,9159316.34766,18129223.2324,8175016.34766,g
17078804.2749,8991406.34766,17044644.2749,8921926.34766,17693683.2324,7792876.34766,g
16482200.0,12435182.7173,15739220.0,11074532.7173,15594040.0,10078652.7173,15218280.0,9933902.71729,14833980.0,8988685.21729,14782740.0,8519695.21729,b
14791280.0,8523169.07593,15594040.0,5060749.42932,b
15799000.0,11261260.2173,16003960.0,10763320.2173,15995420.0,10004830.2173,16089360.0,9796390.21729,g
15286600.0,10003092.9346,15073100.0,10008882.9346,14876680.0,9812022.93457,14483840.0,8862463.64136,g
14842520.0,8997660.0,15679440.0,8760270.0,g
15431780.0,5827055.78796,17455760.0,5572295.78796,g
16234540.0,5728625.78796,16362640.0,6238146.14136,17711960.0,6307626.14136,17848600.0,6232356.14136,18813620.0,6186036.14136,g
15551340.0,5340695.78796,17148320.0,5033825.78796,g
10258162.0996,8441820.0,10522902.0996,8436030.0,10864502.0996,8546040.0,10975522.0996,8546040.0,11223182.0996,8667630.0,11598942.0996,8922390.0,12051562.0996,9530340.0,12230902.0996,9611400.0,12555422.0996,9935640.0,12948262.0996,10063020.0,12990962.0996,9953010.0,13469202.0996,9987750.0,14084082.0996,10155660.0,b
10275242.0996,8453400.0,10394802.0996,7984410.0,g
10736402.0996,8511300.0,10924282.0996,8117580.0,g
10958442.0996,8546040.0,11052382.0996,8314440.0,11137782.0996,8314440.0,g
11402522.0996,8760270.0,12025942.0996,8540250.0,g
11727042.0996,9090300.0,11991782.0996,8991870.0,12085722.0996,9049770.0,12461482.0996,8899230.0,g
11897842.0996,9345060.0,12350462.0996,9171360.0,g
12230902.0996,9605610.0,12897022.0996,9084510.0,g
12418782.0996,9785100.0,12640822.0996,9588240.0,g
12692062.0996,9970380.0,12837242.0996,9704040.0,g
12956802.0996,10039860.0,13358182.0996,9130830.0,g
13187382.0996,9947220.0,13682702.0996,9321900.0,g
13195922.0996,9958800.0,13699782.0996,9327690.0,g
13682702.0996,10051440.0,14007222.0996,9553500.0,g
13981602.0996,10080390.0,14143862.0996,9802470.0,g
11608335.8911,6056629.07593,11540015.8911,6936709.07593,g
11599795.8911,6108739.07593,12069495.8911,6241909.07593,g
12240295.8911,5848189.42932,13205315.8911,6363499.07593,13965375.8911,6415609.07593,g
12735615.8911,6114529.07593,15075575.8911,6004519.07593,g
19719798.2324,14740182.2827,20548178.2324,14578062.2827,20607958.2324,14948622.2827,21812098.2324,15365502.2827,22700258.2324,16882482.2827,23912938.2324,16616142.2827,25620938.2324,15782382.2827,25450138.2324,16598772.2827,*
18148438.2324,13694971.3696,19326958.2324,12426961.3696,21624218.2324,12351691.3696,22170778.2324,12085351.3696,24801098.2324,12224311.3696,24869418.2324,13874461.3696,25356198.2324,14708221.3696,24784018.2324,14013421.3696,*
20402998.2324,11964919.0869,20975178.2324,11148529.0869,22563618.2324,10853239.0869,23725058.2324,10042639.0869,24322858.2324,9567859.08691,21709618.2324,12118064.3042,*
16093799.9243,14806651.3696,16657439.9243,13996051.3696,17144219.9243,14476621.3696,16213359.9243,13428631.3696,16196279.9243,12444331.3696,17161299.9243,12357481.3696,17579760.9668,11981131.3696,*
17280859.9243,11160687.9456,15726580.9668,9747927.94556,15273960.9668,8757837.94556,17084439.9243,9290517.94556,17981140.9668,8057247.94556,18228800.9668,9076287.94556,20713940.9668,8746257.94556,19953880.9668,7704520.89111,17024659.9243,8746720.89111,*
15846225.4077,5624463.74451,16802705.4077,5277063.74451,*
17878746.4502,6203464.0979,*
12788905.4077,9658935.67383,14069905.4077,9693675.67383,*
18298828.5498,12610330.2173,19861648.5498,12141340.2173,g
22013899.5166,8179532.71729,23721899.5166,9667562.71729,g
